# Time-averaged data for fix msd_output
# TimeStep Number-of-rows
# Row c_msd_all
0 4
1 0
2 0
3 0
4 0
100 4
1 0.211888
2 0.218202
3 0.218451
4 0.648541
200 4
1 0.741388
2 0.750435
3 0.757159
4 2.24898
300 4
1 1.44687
2 1.47881
3 1.47567
4 4.40135
400 4
1 2.26237
2 2.35528
3 2.30791
4 6.92556
500 4
1 3.1419
2 3.27836
3 3.23197
4 9.65223
600 4
1 4.08627
2 4.19681
3 4.22727
4 12.5104
700 4
1 5.07539
2 5.13478
3 5.24591
4 15.4561
800 4
1 6.03446
2 6.08736
3 6.22328
4 18.3451
900 4
1 6.98025
2 7.04497
3 7.14747
4 21.1727
1000 4
1 7.96485
2 8.01799
3 8.0789
4 24.0617
1100 4
1 8.94855
2 9.00049
3 9.05539
4 27.0044
1200 4
1 9.93525
2 9.99956
3 10.075
4 30.0098
1300 4
1 10.9375
2 10.993
3 11.1433
4 33.0738
1400 4
1 11.9371
2 12.0233
3 12.2175
4 36.1779
1500 4
1 12.9477
2 13.1125
3 13.2841
4 39.3443
1600 4
1 13.9195
2 14.1687
3 14.2637
4 42.3519
1700 4
1 14.8542
2 15.1777
3 15.2133
4 45.2452
1800 4
1 15.8039
2 16.2376
3 16.0989
4 48.1405
1900 4
1 16.6849
2 17.3227
3 16.9816
4 50.9891
2000 4
1 17.6057
2 18.3597
3 17.8881
4 53.8535
2100 4
1 18.5434
2 19.4078
3 18.8482
4 56.7994
2200 4
1 19.5386
2 20.4142
3 19.8464
4 59.7992
2300 4
1 20.5665
2 21.3411
3 20.8935
4 62.8011
2400 4
1 21.6306
2 22.2771
3 21.9409
4 65.8486
2500 4
1 22.7442
2 23.1334
3 22.9616
4 68.8392
2600 4
1 23.831
2 23.9484
3 23.9632
4 71.7426
2700 4
1 24.7811
2 24.7958
3 24.887
4 74.4638
2800 4
1 25.752
2 25.7205
3 25.7834
4 77.2559
2900 4
1 26.7021
2 26.7523
3 26.6595
4 80.1139
3000 4
1 27.6325
2 27.8778
3 27.6003
4 83.1106
3100 4
1 28.5385
2 28.9745
3 28.5668
4 86.0798
3200 4
1 29.5265
2 30.0326
3 29.5238
4 89.0829
3300 4
1 30.5249
2 31.1025
3 30.4697
4 92.097
3400 4
1 31.5172
2 32.1526
3 31.4474
4 95.1171
3500 4
1 32.5458
2 33.2337
3 32.5045
4 98.2839
3600 4
1 33.6102
2 34.2811
3 33.5508
4 101.442
3700 4
1 34.6702
2 35.3501
3 34.6047
4 104.625
3800 4
1 35.7138
2 36.3792
3 35.6152
4 107.708
3900 4
1 36.8403
2 37.4258
3 36.5955
4 110.862
4000 4
1 37.8864
2 38.4796
3 37.5321
4 113.898
4100 4
1 39.0295
2 39.3257
3 38.453
4 116.808
4200 4
1 40.1663
2 40.0922
3 39.4837
4 119.742
4300 4
1 41.1678
2 40.936
3 40.5112
4 122.615
4400 4
1 42.0898
2 41.8669
3 41.4744
4 125.431
4500 4
1 43.068
2 42.7986
3 42.3829
4 128.249
4600 4
1 44.1659
2 43.7577
3 43.2607
4 131.184
4700 4
1 45.2275
2 44.7056
3 44.1588
4 134.092
4800 4
1 46.2579
2 45.5965
3 45.0542
4 136.909
4900 4
1 47.2611
2 46.5559
3 45.8957
4 139.713
5000 4
1 48.2663
2 47.5821
3 46.7824
4 142.631
5100 4
1 49.236
2 48.6516
3 47.6862
4 145.574
5200 4
1 50.1971
2 49.7416
3 48.5926
4 148.531
5300 4
1 51.2198
2 50.7846
3 49.4949
4 151.499
5400 4
1 52.1824
2 51.7538
3 50.4295
4 154.366
5500 4
1 53.1721
2 52.6903
3 51.4629
4 157.325
5600 4
1 54.0644
2 53.6099
3 52.5227
4 160.197
5700 4
1 54.9287
2 54.5358
3 53.5665
4 163.031
5800 4
1 55.8534
2 55.392
3 54.6276
4 165.873
5900 4
1 56.8435
2 56.2852
3 55.6861
4 168.815
6000 4
1 57.8436
2 57.2555
3 56.716
4 171.815
6100 4
1 58.7872
2 58.241
3 57.6367
4 174.665
6200 4
1 59.669
2 59.2688
3 58.551
4 177.489
6300 4
1 60.65
2 60.3086
3 59.3477
4 180.306
6400 4
1 61.771
2 61.3181
3 60.181
4 183.27
6500 4
1 62.9982
2 62.3516
3 61.1155
4 186.465
6600 4
1 64.213
2 63.3588
3 62.117
4 189.689
6700 4
1 65.3546
2 64.3545
3 63.1495
4 192.859
6800 4
1 66.3976
2 65.2337
3 64.1091
4 195.74
6900 4
1 67.3389
2 66.2134
3 65.0929
4 198.645
7000 4
1 68.2408
2 67.1606
3 66.0218
4 201.423
7100 4
1 69.0642
2 68.0314
3 67.0466
4 204.142
7200 4
1 69.9686
2 68.8952
3 68.138
4 207.002
7300 4
1 70.9238
2 69.8437
3 69.3107
4 210.078
7400 4
1 71.8143
2 70.7461
3 70.4823
4 213.043
7500 4
1 72.7276
2 71.5024
3 71.4934
4 215.723
7600 4
1 73.6826
2 72.2619
3 72.4402
4 218.385
7700 4
1 74.7432
2 73.0843
3 73.5593
4 221.387
7800 4
1 75.6928
2 73.8862
3 74.651
4 224.23
7900 4
1 76.6663
2 74.7174
3 75.5621
4 226.946
8000 4
1 77.8405
2 75.5273
3 76.5535
4 229.921
8100 4
1 78.9894
2 76.4503
3 77.5266
4 232.966
8200 4
1 80.0902
2 77.457
3 78.3631
4 235.91
8300 4
1 81.1695
2 78.4957
3 79.2989
4 238.964
8400 4
1 82.3882
2 79.5036
3 80.217
4 242.109
8500 4
1 83.5771
2 80.5231
3 81.2232
4 245.323
8600 4
1 84.6986
2 81.5515
3 82.2582
4 248.508
8700 4
1 85.7836
2 82.4941
3 83.3082
4 251.586
8800 4
1 86.9739
2 83.3812
3 84.5182
4 254.873
8900 4
1 88.1534
2 84.2372
3 85.646
4 258.037
9000 4
1 89.3157
2 85.2049
3 86.803
4 261.324
9100 4
1 90.5211
2 86.1648
3 87.8025
4 264.488
9200 4
1 91.7045
2 87.0935
3 88.8824
4 267.68
9300 4
1 92.7238
2 88.1263
3 90.1578
4 271.008
9400 4
1 93.5929
2 89.1114
3 91.3509
4 274.055
9500 4
1 94.4538
2 90.2604
3 92.4166
4 277.131
9600 4
1 95.3703
2 91.4337
3 93.5592
4 280.363
9700 4
1 96.2023
2 92.5084
3 94.659
4 283.37
9800 4
1 97.2219
2 93.4805
3 95.8833
4 286.586
9900 4
1 98.3041
2 94.4869
3 97.0361
4 289.827
10000 4
1 99.2664
2 95.5101
3 98.1323
4 292.909
10100 4
1 100.264
2 96.4917
3 99.2023
4 295.958
10200 4
1 101.143
2 97.4176
3 100.276
4 298.836
10300 4
1 102.029
2 98.3486
3 101.275
4 301.653
10400 4
1 103.065
2 99.3251
3 102.337
4 304.726
10500 4
1 104.142
2 100.408
3 103.325
4 307.875
10600 4
1 105.308
2 101.322
3 104.367
4 310.997
10700 4
1 106.344
2 102.276
3 105.397
4 314.018
10800 4
1 107.351
2 103.28
3 106.534
4 317.165
10900 4
1 108.415
2 104.321
3 107.718
4 320.453
11000 4
1 109.437
2 105.422
3 108.733
4 323.592
11100 4
1 110.312
2 106.355
3 109.771
4 326.438
11200 4
1 111.227
2 107.303
3 110.885
4 329.415
11300 4
1 112.051
2 108.296
3 112.072
4 332.418
11400 4
1 112.863
2 109.329
3 113.279
4 335.47
11500 4
1 113.847
2 110.308
3 114.389
4 338.543
11600 4
1 114.812
2 111.268
3 115.431
4 341.511
11700 4
1 115.733
2 112.167
3 116.571
4 344.471
11800 4
1 116.732
2 113.007
3 117.783
4 347.522
11900 4
1 117.65
2 113.864
3 118.889
4 350.403
12000 4
1 118.572
2 114.856
3 119.926
4 353.354
12100 4
1 119.364
2 116.08
3 120.891
4 356.336
12200 4
1 120.076
2 117.373
3 121.824
4 359.273
12300 4
1 120.912
2 118.612
3 122.692
4 362.215
12400 4
1 121.775
2 119.841
3 123.669
4 365.285
12500 4
1 122.74
2 120.926
3 124.736
4 368.402
12600 4
1 123.738
2 121.897
3 125.791
4 371.425
12700 4
1 124.638
2 122.74
3 126.831
4 374.209
12800 4
1 125.624
2 123.532
3 127.775
4 376.931
12900 4
1 126.617
2 124.379
3 128.688
4 379.684
13000 4
1 127.623
2 125.299
3 129.635
4 382.557
13100 4
1 128.704
2 126.077
3 130.639
4 385.42
13200 4
1 129.936
2 126.884
3 131.738
4 388.558
13300 4
1 130.987
2 127.738
3 132.691
4 391.416
13400 4
1 132.022
2 128.738
3 133.412
4 394.171
13500 4
1 133.094
2 129.79
3 134.093
4 396.977
13600 4
1 134.213
2 130.871
3 134.881
4 399.965
13700 4
1 135.285
2 131.758
3 135.707
4 402.75
13800 4
1 136.208
2 132.651
3 136.412
4 405.27
13900 4
1 137.258
2 133.428
3 137.216
4 407.902
14000 4
1 138.548
2 134.359
3 138.12
4 411.027
14100 4
1 139.594
2 135.325
3 138.984
4 413.902
14200 4
1 140.444
2 136.296
3 139.785
4 416.526
14300 4
1 141.493
2 137.082
3 140.602
4 419.177
14400 4
1 142.508
2 137.911
3 141.568
4 421.987
14500 4
1 143.629
2 138.78
3 142.538
4 424.947
14600 4
1 144.753
2 139.746
3 143.654
4 428.153
14700 4
1 145.726
2 140.805
3 144.806
4 431.338
14800 4
1 146.801
2 141.85
3 145.909
4 434.561
14900 4
1 147.798
2 142.913
3 146.726
4 437.438
15000 4
1 148.805
2 143.875
3 147.668
4 440.348
15100 4
1 149.863
2 144.927
3 148.726
4 443.517
15200 4
1 150.903
2 146.067
3 149.885
4 446.855
15300 4
1 152.089
2 147.402
3 150.933
4 450.424
15400 4
1 153.418
2 148.713
3 151.986
4 454.116
15500 4
1 154.599
2 149.979
3 152.967
4 457.545
15600 4
1 155.633
2 151.054
3 154.044
4 460.731
15700 4
1 156.478
2 151.917
3 155.296
4 463.692
15800 4
1 157.447
2 152.962
3 156.482
4 466.89
15900 4
1 158.396
2 154.067
3 157.518
4 469.98
16000 4
1 159.362
2 155.167
3 158.422
4 472.951
16100 4
1 160.335
2 156.47
3 159.321
4 476.126
16200 4
1 161.098
2 157.827
3 160.071
4 478.996
16300 4
1 161.854
2 159.192
3 160.74
4 481.786
16400 4
1 162.592
2 160.664
3 161.455
4 484.711
16500 4
1 163.443
2 161.852
3 162.219
4 487.514
16600 4
1 164.382
2 163.267
3 162.864
4 490.513
16700 4
1 165.382
2 164.662
3 163.46
4 493.504
16800 4
1 166.513
2 165.853
3 164.184
4 496.55
16900 4
1 167.557
2 167.024
3 164.934
4 499.515
17000 4
1 168.541
2 168.032
3 165.812
4 502.384
17100 4
1 169.76
2 169.172
3 166.636
4 505.569
17200 4
1 170.815
2 170.359
3 167.482
4 508.656
17300 4
1 171.986
2 171.591
3 168.381
4 511.958
17400 4
1 173.242
2 172.746
3 169.298
4 515.286
17500 4
1 174.269
2 173.669
3 170.225
4 518.162
17600 4
1 175.398
2 174.54
3 171.27
4 521.208
17700 4
1 176.567
2 175.462
3 172.271
4 524.3
17800 4
1 177.534
2 176.503
3 173.358
4 527.395
17900 4
1 178.493
2 177.532
3 174.343
4 530.368
18000 4
1 179.394
2 178.551
3 175.281
4 533.226
18100 4
1 180.364
2 179.571
3 176.177
4 536.113
18200 4
1 181.431
2 180.499
3 177.126
4 539.055
18300 4
1 182.53
2 181.444
3 178.362
4 542.337
18400 4
1 183.716
2 182.464
3 179.295
4 545.475
18500 4
1 184.939
2 183.691
3 180.31
4 548.94
18600 4
1 186.205
2 184.808
3 181.298
4 552.311
18700 4
1 187.356
2 185.836
3 182.083
4 555.275
18800 4
1 188.357
2 186.718
3 182.865
4 557.939
18900 4
1 189.249
2 187.578
3 183.843
4 560.67
19000 4
1 190.192
2 188.481
3 184.985
4 563.658
19100 4
1 191.223
2 189.384
3 186.148
4 566.755
19200 4
1 192.161
2 190.363
3 187.119
4 569.643
19300 4
1 193.038
2 191.546
3 187.977
4 572.562
19400 4
1 193.898
2 192.706
3 188.949
4 575.554
19500 4
1 194.894
2 193.855
3 189.936
4 578.685
19600 4
1 196.145
2 194.939
3 191.184
4 582.268
19700 4
1 197.431
2 195.827
3 192.419
4 585.677
19800 4
1 198.746
2 196.828
3 193.649
4 589.223
19900 4
1 200.258
2 197.673
3 194.901
4 592.833
20000 4
1 201.799
2 198.735
3 196.106
4 596.639
20100 4
1 203.018
2 199.855
3 197.225
4 600.098
20200 4
1 204.117
2 200.931
3 198.411
4 603.459
20300 4
1 205.275
2 202.164
3 199.65
4 607.089
20400 4
1 206.48
2 203.109
3 200.832
4 610.421
20500 4
1 207.407
2 204.207
3 202.057
4 613.672
20600 4
1 208.565
2 205.12
3 203.173
4 616.858
20700 4
1 209.807
2 205.976
3 204.371
4 620.154
20800 4
1 211.061
2 206.687
3 205.624
4 623.372
20900 4
1 212.109
2 207.445
3 206.946
4 626.5
21000 4
1 213.149
2 208.26
3 208.284
4 629.693
21100 4
1 214.076
2 208.912
3 209.605
4 632.592
21200 4
1 215.057
2 209.805
3 210.772
4 635.633
21300 4
1 215.974
2 210.852
3 211.905
4 638.731
21400 4
1 216.832
2 211.731
3 213.144
4 641.707
21500 4
1 217.625
2 212.699
3 214.314
4 644.638
21600 4
1 218.581
2 213.684
3 215.285
4 647.551
21700 4
1 219.552
2 214.65
3 216.287
4 650.49
21800 4
1 220.486
2 215.596
3 217.13
4 653.212
21900 4
1 221.309
2 216.468
3 217.965
4 655.742
22000 4
1 222.129
2 217.403
3 218.906
4 658.439
22100 4
1 223.185
2 218.385
3 219.88
4 661.45
22200 4
1 224.2
2 219.466
3 220.8
4 664.465
22300 4
1 225.117
2 220.312
3 221.585
4 667.014
22400 4
1 226.179
2 221.255
3 222.538
4 669.973
22500 4
1 227.146
2 222.417
3 223.466
4 673.028
22600 4
1 228.186
2 223.447
3 224.29
4 675.923
22700 4
1 229.287
2 224.221
3 224.985
4 678.493
22800 4
1 230.481
2 225.083
3 225.587
4 681.151
22900 4
1 231.255
2 226.126
3 226.237
4 683.618
23000 4
1 232.099
2 227.256
3 227.08
4 686.434
23100 4
1 233.08
2 228.483
3 227.988
4 689.551
23200 4
1 233.998
2 229.568
3 228.751
4 692.317
23300 4
1 234.898
2 230.807
3 229.44
4 695.145
23400 4
1 235.939
2 232.03
3 230.489
4 698.458
23500 4
1 236.943
2 233.078
3 231.442
4 701.463
23600 4
1 237.843
2 233.971
3 232.269
4 704.083
23700 4
1 238.714
2 234.96
3 232.994
4 706.669
23800 4
1 239.602
2 235.901
3 233.926
4 709.429
23900 4
1 240.433
2 236.793
3 234.565
4 711.792
24000 4
1 241.446
2 237.74
3 235.144
4 714.33
24100 4
1 242.323
2 238.5
3 235.9
4 716.723
24200 4
1 243.323
2 239.385
3 237.005
4 719.714
24300 4
1 244.226
2 240.395
3 238.015
4 722.636
24400 4
1 245.152
2 241.259
3 239.134
4 725.545
24500 4
1 246.062
2 242.136
3 240.461
4 728.659
24600 4
1 247.171
2 243.176
3 241.689
4 732.036
24700 4
1 248.391
2 244.079
3 242.811
4 735.281
24800 4
1 249.533
2 244.918
3 243.958
4 738.409
24900 4
1 250.416
2 245.953
3 245.19
4 741.559
25000 4
1 251.286
2 247.247
3 246.375
4 744.908
25100 4
1 252.082
2 248.478
3 247.328
4 747.888
25200 4
1 252.766
2 249.581
3 248.309
4 750.655
25300 4
1 253.485
2 250.729
3 249.188
4 753.401
25400 4
1 254.061
2 251.64
3 249.997
4 755.697
25500 4
1 254.907
2 252.576
3 250.823
4 758.306
25600 4
1 255.951
2 253.325
3 251.645
4 760.922
25700 4
1 257.035
2 253.968
3 252.31
4 763.313
25800 4
1 257.958
2 254.864
3 253.237
4 766.059
25900 4
1 258.79
2 255.533
3 254.452
4 768.776
26000 4
1 259.647
2 256.237
3 255.59
4 771.474
26100 4
1 260.521
2 257.288
3 256.523
4 774.332
26200 4
1 261.373
2 258.533
3 257.531
4 777.437
26300 4
1 262.397
2 259.892
3 258.331
4 780.621
26400 4
1 263.726
2 261.051
3 259.173
4 783.95
26500 4
1 265.009
2 262.235
3 260.163
4 787.407
26600 4
1 266.109
2 263.537
3 261.067
4 790.713
26700 4
1 267.157
2 265.023
3 261.862
4 794.042
26800 4
1 267.903
2 266.494
3 262.622
4 797.019
26900 4
1 268.32
2 268.096
3 263.393
4 799.809
27000 4
1 268.695
2 269.541
3 264.363
4 802.598
27100 4
1 269.113
2 270.903
3 265.195
4 805.211
27200 4
1 269.711
2 272.16
3 266.061
4 807.931
27300 4
1 270.79
2 273.143
3 266.864
4 810.797
27400 4
1 272.212
2 274.219
3 267.575
4 814.006
27500 4
1 273.674
2 275.294
3 268.426
4 817.394
27600 4
1 274.797
2 276.376
3 269.393
4 820.565
27700 4
1 275.979
2 277.463
3 270.538
4 823.98
27800 4
1 276.906
2 278.678
3 271.671
4 827.254
27900 4
1 277.671
2 279.692
3 272.695
4 830.058
28000 4
1 278.739
2 280.517
3 273.885
4 833.141
28100 4
1 279.953
2 281.153
3 275.107
4 836.213
28200 4
1 281.161
2 281.878
3 276.382
4 839.422
28300 4
1 282.137
2 282.769
3 277.355
4 842.261
28400 4
1 282.912
2 283.824
3 278.181
4 844.917
28500 4
1 283.766
2 285.057
3 279.138
4 847.961
28600 4
1 284.895
2 286.117
3 279.847
4 850.859
28700 4
1 286.218
2 287.105
3 280.469
4 853.793
28800 4
1 287.595
2 287.835
3 281.021
4 856.451
28900 4
1 288.983
2 288.649
3 281.562
4 859.194
29000 4
1 290.659
2 289.416
3 282.35
4 862.424
29100 4
1 292.395
2 290.207
3 283.195
4 865.798
29200 4
1 293.786
2 291.118
3 284.104
4 869.007
29300 4
1 295.21
2 292.091
3 285.088
4 872.388
29400 4
1 296.542
2 293.25
3 286.024
4 875.816
29500 4
1 297.453
2 294.586
3 287.083
4 879.122
29600 4
1 298.238
2 296.05
3 288.391
4 882.679
29700 4
1 299.257
2 297.531
3 289.768
4 886.556
29800 4
1 300.277
2 299.079
3 291.006
4 890.362
29900 4
1 301.247
2 300.496
3 292.127
4 893.87
30000 4
1 302.161
2 301.394
3 292.967
4 896.522
30100 4
1 302.942
2 302.317
3 293.774
4 899.033
30200 4
1 303.65
2 303.094
3 294.603
4 901.347
30300 4
1 304.534
2 303.941
3 295.44
4 903.915
30400 4
1 305.577
2 304.757
3 296.332
4 906.666
30500 4
1 306.541
2 305.626
3 297.323
4 909.49
30600 4
1 307.422
2 306.844
3 298.395
4 912.66
30700 4
1 308.674
2 308.176
3 299.475
4 916.325
30800 4
1 309.821
2 309.477
3 300.586
4 919.883
30900 4
1 310.952
2 310.767
3 301.69
4 923.409
31000 4
1 312.151
2 311.954
3 302.7
4 926.806
31100 4
1 313.148
2 312.962
3 303.717
4 929.827
31200 4
1 314.211
2 313.992
3 304.767
4 932.97
31300 4
1 315.384
2 315.059
3 306.006
4 936.45
31400 4
1 316.297
2 316.084
3 307.196
4 939.576
31500 4
1 317.073
2 317.395
3 308.536
4 943.003
31600 4
1 318.012
2 318.582
3 309.955
4 946.55
31700 4
1 319.158
2 319.493
3 311.103
4 949.754
31800 4
1 320.237
2 320.179
3 311.764
4 952.179
31900 4
1 321.007
2 320.705
3 312.775
4 954.487
32000 4
1 321.931
2 321.36
3 313.941
4 957.232
32100 4
1 322.84
2 322.261
3 315.118
4 960.218
32200 4
1 323.661
2 323.291
3 315.964
4 962.916
32300 4
1 324.369
2 324.319
3 317.039
4 965.726
32400 4
1 325.112
2 325.348
3 318.093
4 968.552
32500 4
1 325.911
2 326.459
3 319.151
4 971.521
32600 4
1 326.468
2 327.66
3 320.41
4 974.538
32700 4
1 327.142
2 328.825
3 321.649
4 977.616
32800 4
1 327.973
2 330.195
3 322.965
4 981.132
32900 4
1 328.869
2 331.318
3 324.314
4 984.501
33000 4
1 329.905
2 332.437
3 325.38
4 987.721
33100 4
1 331.066
2 333.48
3 326.384
4 990.93
33200 4
1 332.346
2 334.724
3 327.187
4 994.257
33300 4
1 333.368
2 335.641
3 327.824
4 996.832
33400 4
1 334.28
2 336.555
3 328.619
4 999.454
33500 4
1 335.393
2 337.424
3 329.377
4 1002.19
33600 4
1 336.72
2 338.239
3 329.971
4 1004.93
33700 4
1 337.794
2 339.187
3 330.866
4 1007.85
33800 4
1 338.992
2 340.149
3 332.147
4 1011.29
33900 4
1 340.177
2 341.109
3 333.163
4 1014.45
34000 4
1 341.407
2 342.036
3 334.121
4 1017.56
34100 4
1 342.604
2 342.856
3 335.296
4 1020.76
34200 4
1 343.817
2 343.371
3 336.16
4 1023.35
34300 4
1 345.006
2 344.133
3 336.823
4 1025.96
34400 4
1 345.976
2 345.083
3 337.695
4 1028.75
34500 4
1 346.602
2 345.957
3 338.505
4 1031.06
34600 4
1 347.063
2 346.628
3 339.444
4 1033.14
34700 4
1 347.596
2 347.478
3 340.549
4 1035.62
34800 4
1 348.182
2 348.275
3 342.003
4 1038.46
34900 4
1 348.874
2 349.03
3 343.411
4 1041.32
35000 4
1 349.398
2 349.935
3 344.5
4 1043.83
35100 4
1 349.93
2 350.885
3 345.356
4 1046.17
35200 4
1 350.677
2 351.908
3 346.1
4 1048.69
35300 4
1 351.255
2 352.731
3 346.907
4 1050.89
35400 4
1 352.215
2 353.413
3 347.888
4 1053.52
35500 4
1 353.343
2 353.99
3 348.743
4 1056.08
35600 4
1 354.21
2 354.66
3 349.735
4 1058.6
35700 4
1 355.202
2 355.699
3 350.887
4 1061.79
35800 4
1 356.011
2 356.921
3 352.108
4 1065.04
35900 4
1 356.793
2 357.883
3 353.134
4 1067.81
36000 4
1 357.39
2 358.792
3 354.243
4 1070.43
36100 4
1 358.117
2 359.77
3 355.09
4 1072.98
36200 4
1 358.762
2 361.004
3 356.037
4 1075.8
36300 4
1 359.133
2 362.103
3 356.964
4 1078.2
36400 4
1 359.784
2 363.316
3 357.692
4 1080.79
36500 4
1 360.642
2 364.414
3 358.862
4 1083.92
36600 4
1 361.52
2 365.211
3 360.388
4 1087.12
36700 4
1 362.143
2 365.551
3 361.696
4 1089.39
36800 4
1 362.653
2 366.127
3 362.774
4 1091.55
36900 4
1 363.198
2 366.9
3 364.009
4 1094.11
37000 4
1 363.868
2 367.796
3 365.088
4 1096.75
37100 4
1 364.792
2 368.55
3 366.255
4 1099.6
37200 4
1 366.006
2 369.63
3 367.466
4 1103.1
37300 4
1 367.387
2 370.33
3 368.449
4 1106.17
37400 4
1 368.77
2 371.268
3 369.289
4 1109.33
37500 4
1 369.663
2 372.423
3 370.365
4 1112.45
37600 4
1 370.848
2 373.27
3 371.14
4 1115.26
37700 4
1 372.365
2 374.035
3 371.712
4 1118.11
37800 4
1 373.743
2 374.903
3 372.684
4 1121.33
37900 4
1 374.995
2 375.667
3 374.129
4 1124.79
38000 4
1 376.295
2 376.406
3 375.541
4 1128.24
38100 4
1 377.274
2 377.296
3 376.908
4 1131.48
38200 4
1 378.346
2 378.568
3 378.24
4 1135.15
38300 4
1 379.316
2 379.639
3 379.558
4 1138.51
38400 4
1 380.253
2 380.879
3 380.891
4 1142.02
38500 4
1 381.026
2 381.92
3 381.767
4 1144.71
38600 4
1 381.539
2 382.918
3 382.666
4 1147.12
38700 4
1 382.042
2 384.031
3 383.938
4 1150.01
38800 4
1 382.701
2 385.299
3 384.993
4 1152.99
38900 4
1 383.759
2 386.749
3 386.378
4 1156.89
39000 4
1 384.887
2 387.954
3 387.595
4 1160.44
39100 4
1 385.973
2 388.961
3 388.612
4 1163.55
39200 4
1 387.188
2 389.916
3 389.484
4 1166.59
39300 4
1 388.205
2 390.706
3 390.501
4 1169.41
39400 4
1 389.207
2 391.225
3 391.715
4 1172.15
39500 4
1 390.413
2 391.977
3 392.589
4 1174.98
39600 4
1 391.587
2 393.169
3 393.411
4 1178.17
39700 4
1 392.993
2 394.455
3 394.513
4 1181.96
39800 4
1 394.713
2 395.765
3 395.588
4 1186.07
39900 4
1 396.076
2 397.001
3 396.297
4 1189.37
40000 4
1 397.21
2 397.828
3 397.053
4 1192.09
