0.0 0.0 0.0 0.0 0.0
0.5 0.211888 0.218202 0.218451 0.648541
1.0 0.741388 0.750435 0.757159 2.24898
1.5 1.44687 1.47881 1.47567 4.40135
2.0 2.26237 2.35528 2.30791 6.92556
2.5 3.1419 3.27836 3.23197 9.65223
3.0 4.08627 4.19681 4.22727 12.5104
3.5 5.07539 5.13478 5.24591 15.4561
4.0 6.03446 6.08736 6.22328 18.3451
4.5 6.98025 7.04497 7.14747 21.1727
5.0 7.96485 8.01799 8.0789 24.0617
5.5 8.94855 9.00049 9.05539 27.0044
6.0 9.93525 9.99956 10.075 30.0098
6.5 10.9375 10.993 11.1433 33.0738
7.0 11.9371 12.0233 12.2175 36.1779
7.5 12.9477 13.1125 13.2841 39.3443
8.0 13.9195 14.1687 14.2637 42.3519
8.5 14.8542 15.1777 15.2133 45.2452
9.0 15.8039 16.2376 16.0989 48.1405
9.5 16.6849 17.3227 16.9816 50.9891
10.0 17.6057 18.3597 17.8881 53.8535
10.5 18.5434 19.4078 18.8482 56.7994
11.0 19.5386 20.4142 19.8464 59.7992
11.5 20.5665 21.3411 20.8935 62.8011
12.0 21.6306 22.2771 21.9409 65.8486
12.5 22.7442 23.1334 22.9616 68.8392
13.0 23.831 23.9484 23.9632 71.7426
13.5 24.7811 24.7958 24.887 74.4638
14.0 25.752 25.7205 25.7834 77.2559
14.5 26.7021 26.7523 26.6595 80.1139
15.0 27.6325 27.8778 27.6003 83.1106
15.5 28.5385 28.9745 28.5668 86.0798
16.0 29.5265 30.0326 29.5238 89.0829
16.5 30.5249 31.1025 30.4697 92.097
17.0 31.5172 32.1526 31.4474 95.1171
17.5 32.5458 33.2337 32.5045 98.2839
18.0 33.6102 34.2811 33.5508 101.442
18.5 34.6702 35.3501 34.6047 104.625
19.0 35.7138 36.3792 35.6152 107.708
19.5 36.8403 37.4258 36.5955 110.862
20.0 37.8864 38.4796 37.5321 113.898
20.5 39.0295 39.3257 38.453 116.808
21.0 40.1663 40.0922 39.4837 119.742
21.5 41.1678 40.936 40.5112 122.615
22.0 42.0898 41.8669 41.4744 125.431
22.5 43.068 42.7986 42.3829 128.249
23.0 44.1659 43.7577 43.2607 131.184
23.5 45.2275 44.7056 44.1588 134.092
24.0 46.2579 45.5965 45.0542 136.909
24.5 47.2611 46.5559 45.8957 139.713
25.0 48.2663 47.5821 46.7824 142.631
25.5 49.236 48.6516 47.6862 145.574
26.0 50.1971 49.7416 48.5926 148.531
26.5 51.2198 50.7846 49.4949 151.499
27.0 52.1824 51.7538 50.4295 154.366
27.5 53.1721 52.6903 51.4629 157.325
28.0 54.0644 53.6099 52.5227 160.197
28.5 54.9287 54.5358 53.5665 163.031
29.0 55.8534 55.392 54.6276 165.873
29.5 56.8435 56.2852 55.6861 168.815
30.0 57.8436 57.2555 56.716 171.815
30.5 58.7872 58.241 57.6367 174.665
31.0 59.669 59.2688 58.551 177.489
31.5 60.65 60.3086 59.3477 180.306
32.0 61.771 61.3181 60.181 183.27
32.5 62.9982 62.3516 61.1155 186.465
33.0 64.213 63.3588 62.117 189.689
33.5 65.3546 64.3545 63.1495 192.859
34.0 66.3976 65.2337 64.1091 195.74
34.5 67.3389 66.2134 65.0929 198.645
35.0 68.2408 67.1606 66.0218 201.423
35.5 69.0642 68.0314 67.0466 204.142
36.0 69.9686 68.8952 68.138 207.002
36.5 70.9238 69.8437 69.3107 210.078
37.0 71.8143 70.7461 70.4823 213.043
37.5 72.7276 71.5024 71.4934 215.723
38.0 73.6826 72.2619 72.4402 218.385
38.5 74.7432 73.0843 73.5593 221.387
39.0 75.6928 73.8862 74.651 224.23
39.5 76.6663 74.7174 75.5621 226.946
40.0 77.8405 75.5273 76.5535 229.921
40.5 78.9894 76.4503 77.5266 232.966
41.0 80.0902 77.457 78.3631 235.91
41.5 81.1695 78.4957 79.2989 238.964
42.0 82.3882 79.5036 80.217 242.109
42.5 83.5771 80.5231 81.2232 245.323
43.0 84.6986 81.5515 82.2582 248.508
43.5 85.7836 82.4941 83.3082 251.586
44.0 86.9739 83.3812 84.5182 254.873
44.5 88.1534 84.2372 85.646 258.037
45.0 89.3157 85.2049 86.803 261.324
45.5 90.5211 86.1648 87.8025 264.488
46.0 91.7045 87.0935 88.8824 267.68
46.5 92.7238 88.1263 90.1578 271.008
47.0 93.5929 89.1114 91.3509 274.055
47.5 94.4538 90.2604 92.4166 277.131
48.0 95.3703 91.4337 93.5592 280.363
48.5 96.2023 92.5084 94.659 283.37
49.0 97.2219 93.4805 95.8833 286.586
49.5 98.3041 94.4869 97.0361 289.827
50.0 99.2664 95.5101 98.1323 292.909
50.5 100.264 96.4917 99.2023 295.958
51.0 101.143 97.4176 100.276 298.836
51.5 102.029 98.3486 101.275 301.653
52.0 103.065 99.3251 102.337 304.726
52.5 104.142 100.408 103.325 307.875
53.0 105.308 101.322 104.367 310.997
53.5 106.344 102.276 105.397 314.018
54.0 107.351 103.28 106.534 317.165
54.5 108.415 104.321 107.718 320.453
55.0 109.437 105.422 108.733 323.592
55.5 110.312 106.355 109.771 326.438
56.0 111.227 107.303 110.885 329.415
56.5 112.051 108.296 112.072 332.418
57.0 112.863 109.329 113.279 335.47
57.5 113.847 110.308 114.389 338.543
58.0 114.812 111.268 115.431 341.511
58.5 115.733 112.167 116.571 344.471
59.0 116.732 113.007 117.783 347.522
59.5 117.65 113.864 118.889 350.403
60.0 118.572 114.856 119.926 353.354
60.5 119.364 116.08 120.891 356.336
61.0 120.076 117.373 121.824 359.273
61.5 120.912 118.612 122.692 362.215
62.0 121.775 119.841 123.669 365.285
62.5 122.74 120.926 124.736 368.402
63.0 123.738 121.897 125.791 371.425
63.5 124.638 122.74 126.831 374.209
64.0 125.624 123.532 127.775 376.931
64.5 126.617 124.379 128.688 379.684
65.0 127.623 125.299 129.635 382.557
65.5 128.704 126.077 130.639 385.42
66.0 129.936 126.884 131.738 388.558
66.5 130.987 127.738 132.691 391.416
67.0 132.022 128.738 133.412 394.171
67.5 133.094 129.79 134.093 396.977
68.0 134.213 130.871 134.881 399.965
68.5 135.285 131.758 135.707 402.75
69.0 136.208 132.651 136.412 405.27
69.5 137.258 133.428 137.216 407.902
70.0 138.548 134.359 138.12 411.027
70.5 139.594 135.325 138.984 413.902
71.0 140.444 136.296 139.785 416.526
71.5 141.493 137.082 140.602 419.177
72.0 142.508 137.911 141.568 421.987
72.5 143.629 138.78 142.538 424.947
73.0 144.753 139.746 143.654 428.153
73.5 145.726 140.805 144.806 431.338
74.0 146.801 141.85 145.909 434.561
74.5 147.798 142.913 146.726 437.438
75.0 148.805 143.875 147.668 440.348
75.5 149.863 144.927 148.726 443.517
76.0 150.903 146.067 149.885 446.855
76.5 152.089 147.402 150.933 450.424
77.0 153.418 148.713 151.986 454.116
77.5 154.599 149.979 152.967 457.545
78.0 155.633 151.054 154.044 460.731
78.5 156.478 151.917 155.296 463.692
79.0 157.447 152.962 156.482 466.89
79.5 158.396 154.067 157.518 469.98
80.0 159.362 155.167 158.422 472.951
80.5 160.335 156.47 159.321 476.126
81.0 161.098 157.827 160.071 478.996
81.5 161.854 159.192 160.74 481.786
82.0 162.592 160.664 161.455 484.711
82.5 163.443 161.852 162.219 487.514
83.0 164.382 163.267 162.864 490.513
83.5 165.382 164.662 163.46 493.504
84.0 166.513 165.853 164.184 496.55
84.5 167.557 167.024 164.934 499.515
85.0 168.541 168.032 165.812 502.384
85.5 169.76 169.172 166.636 505.569
86.0 170.815 170.359 167.482 508.656
86.5 171.986 171.591 168.381 511.958
87.0 173.242 172.746 169.298 515.286
87.5 174.269 173.669 170.225 518.162
88.0 175.398 174.54 171.27 521.208
88.5 176.567 175.462 172.271 524.3
89.0 177.534 176.503 173.358 527.395
89.5 178.493 177.532 174.343 530.368
90.0 179.394 178.551 175.281 533.226
90.5 180.364 179.571 176.177 536.113
91.0 181.431 180.499 177.126 539.055
91.5 182.53 181.444 178.362 542.337
92.0 183.716 182.464 179.295 545.475
92.5 184.939 183.691 180.31 548.94
93.0 186.205 184.808 181.298 552.311
93.5 187.356 185.836 182.083 555.275
94.0 188.357 186.718 182.865 557.939
94.5 189.249 187.578 183.843 560.67
95.0 190.192 188.481 184.985 563.658
95.5 191.223 189.384 186.148 566.755
96.0 192.161 190.363 187.119 569.643
96.5 193.038 191.546 187.977 572.562
97.0 193.898 192.706 188.949 575.554
97.5 194.894 193.855 189.936 578.685
98.0 196.145 194.939 191.184 582.268
98.5 197.431 195.827 192.419 585.677
99.0 198.746 196.828 193.649 589.223
99.5 200.258 197.673 194.901 592.833
100.0 201.799 198.735 196.106 596.639
100.5 203.018 199.855 197.225 600.098
101.0 204.117 200.931 198.411 603.459
101.5 205.275 202.164 199.65 607.089
102.0 206.48 203.109 200.832 610.421
102.5 207.407 204.207 202.057 613.672
103.0 208.565 205.12 203.173 616.858
103.5 209.807 205.976 204.371 620.154
104.0 211.061 206.687 205.624 623.372
104.5 212.109 207.445 206.946 626.5
105.0 213.149 208.26 208.284 629.693
105.5 214.076 208.912 209.605 632.592
106.0 215.057 209.805 210.772 635.633
106.5 215.974 210.852 211.905 638.731
107.0 216.832 211.731 213.144 641.707
107.5 217.625 212.699 214.314 644.638
108.0 218.581 213.684 215.285 647.551
108.5 219.552 214.65 216.287 650.49
109.0 220.486 215.596 217.13 653.212
109.5 221.309 216.468 217.965 655.742
110.0 222.129 217.403 218.906 658.439
110.5 223.185 218.385 219.88 661.45
111.0 224.2 219.466 220.8 664.465
111.5 225.117 220.312 221.585 667.014
112.0 226.179 221.255 222.538 669.973
112.5 227.146 222.417 223.466 673.028
113.0 228.186 223.447 224.29 675.923
113.5 229.287 224.221 224.985 678.493
114.0 230.481 225.083 225.587 681.151
114.5 231.255 226.126 226.237 683.618
115.0 232.099 227.256 227.08 686.434
115.5 233.08 228.483 227.988 689.551
116.0 233.998 229.568 228.751 692.317
116.5 234.898 230.807 229.44 695.145
117.0 235.939 232.03 230.489 698.458
117.5 236.943 233.078 231.442 701.463
118.0 237.843 233.971 232.269 704.083
118.5 238.714 234.96 232.994 706.669
119.0 239.602 235.901 233.926 709.429
119.5 240.433 236.793 234.565 711.792
120.0 241.446 237.74 235.144 714.33
120.5 242.323 238.5 235.9 716.723
121.0 243.323 239.385 237.005 719.714
121.5 244.226 240.395 238.015 722.636
122.0 245.152 241.259 239.134 725.545
122.5 246.062 242.136 240.461 728.659
123.0 247.171 243.176 241.689 732.036
123.5 248.391 244.079 242.811 735.281
124.0 249.533 244.918 243.958 738.409
124.5 250.416 245.953 245.19 741.559
125.0 251.286 247.247 246.375 744.908
125.5 252.082 248.478 247.328 747.888
126.0 252.766 249.581 248.309 750.655
126.5 253.485 250.729 249.188 753.401
127.0 254.061 251.64 249.997 755.697
127.5 254.907 252.576 250.823 758.306
128.0 255.951 253.325 251.645 760.922
128.5 257.035 253.968 252.31 763.313
129.0 257.958 254.864 253.237 766.059
129.5 258.79 255.533 254.452 768.776
130.0 259.647 256.237 255.59 771.474
130.5 260.521 257.288 256.523 774.332
131.0 261.373 258.533 257.531 777.437
131.5 262.397 259.892 258.331 780.621
132.0 263.726 261.051 259.173 783.95
132.5 265.009 262.235 260.163 787.407
133.0 266.109 263.537 261.067 790.713
133.5 267.157 265.023 261.862 794.042
134.0 267.903 266.494 262.622 797.019
134.5 268.32 268.096 263.393 799.809
135.0 268.695 269.541 264.363 802.598
135.5 269.113 270.903 265.195 805.211
136.0 269.711 272.16 266.061 807.931
136.5 270.79 273.143 266.864 810.797
137.0 272.212 274.219 267.575 814.006
137.5 273.674 275.294 268.426 817.394
138.0 274.797 276.376 269.393 820.565
138.5 275.979 277.463 270.538 823.98
139.0 276.906 278.678 271.671 827.254
139.5 277.671 279.692 272.695 830.058
140.0 278.739 280.517 273.885 833.141
140.5 279.953 281.153 275.107 836.213
141.0 281.161 281.878 276.382 839.422
141.5 282.137 282.769 277.355 842.261
142.0 282.912 283.824 278.181 844.917
142.5 283.766 285.057 279.138 847.961
143.0 284.895 286.117 279.847 850.859
143.5 286.218 287.105 280.469 853.793
144.0 287.595 287.835 281.021 856.451
144.5 288.983 288.649 281.562 859.194
145.0 290.659 289.416 282.35 862.424
145.5 292.395 290.207 283.195 865.798
146.0 293.786 291.118 284.104 869.007
146.5 295.21 292.091 285.088 872.388
147.0 296.542 293.25 286.024 875.816
147.5 297.453 294.586 287.083 879.122
148.0 298.238 296.05 288.391 882.679
148.5 299.257 297.531 289.768 886.556
149.0 300.277 299.079 291.006 890.362
149.5 301.247 300.496 292.127 893.87
150.0 302.161 301.394 292.967 896.522
150.5 302.942 302.317 293.774 899.033
151.0 303.65 303.094 294.603 901.347
151.5 304.534 303.941 295.44 903.915
152.0 305.577 304.757 296.332 906.666
152.5 306.541 305.626 297.323 909.49
153.0 307.422 306.844 298.395 912.66
153.5 308.674 308.176 299.475 916.325
154.0 309.821 309.477 300.586 919.883
154.5 310.952 310.767 301.69 923.409
155.0 312.151 311.954 302.7 926.806
155.5 313.148 312.962 303.717 929.827
156.0 314.211 313.992 304.767 932.97
156.5 315.384 315.059 306.006 936.45
157.0 316.297 316.084 307.196 939.576
157.5 317.073 317.395 308.536 943.003
158.0 318.012 318.582 309.955 946.55
158.5 319.158 319.493 311.103 949.754
159.0 320.237 320.179 311.764 952.179
159.5 321.007 320.705 312.775 954.487
160.0 321.931 321.36 313.941 957.232
160.5 322.84 322.261 315.118 960.218
161.0 323.661 323.291 315.964 962.916
161.5 324.369 324.319 317.039 965.726
162.0 325.112 325.348 318.093 968.552
162.5 325.911 326.459 319.151 971.521
163.0 326.468 327.66 320.41 974.538
163.5 327.142 328.825 321.649 977.616
164.0 327.973 330.195 322.965 981.132
164.5 328.869 331.318 324.314 984.501
165.0 329.905 332.437 325.38 987.721
165.5 331.066 333.48 326.384 990.93
166.0 332.346 334.724 327.187 994.257
166.5 333.368 335.641 327.824 996.832
167.0 334.28 336.555 328.619 999.454
167.5 335.393 337.424 329.377 1002.19
168.0 336.72 338.239 329.971 1004.93
168.5 337.794 339.187 330.866 1007.85
169.0 338.992 340.149 332.147 1011.29
169.5 340.177 341.109 333.163 1014.45
170.0 341.407 342.036 334.121 1017.56
170.5 342.604 342.856 335.296 1020.76
171.0 343.817 343.371 336.16 1023.35
171.5 345.006 344.133 336.823 1025.96
172.0 345.976 345.083 337.695 1028.75
172.5 346.602 345.957 338.505 1031.06
173.0 347.063 346.628 339.444 1033.14
173.5 347.596 347.478 340.549 1035.62
174.0 348.182 348.275 342.003 1038.46
174.5 348.874 349.03 343.411 1041.32
175.0 349.398 349.935 344.5 1043.83
175.5 349.93 350.885 345.356 1046.17
176.0 350.677 351.908 346.1 1048.69
176.5 351.255 352.731 346.907 1050.89
177.0 352.215 353.413 347.888 1053.52
177.5 353.343 353.99 348.743 1056.08
178.0 354.21 354.66 349.735 1058.6
178.5 355.202 355.699 350.887 1061.79
179.0 356.011 356.921 352.108 1065.04
179.5 356.793 357.883 353.134 1067.81
180.0 357.39 358.792 354.243 1070.43
180.5 358.117 359.77 355.09 1072.98
181.0 358.762 361.004 356.037 1075.8
181.5 359.133 362.103 356.964 1078.2
182.0 359.784 363.316 357.692 1080.79
182.5 360.642 364.414 358.862 1083.92
183.0 361.52 365.211 360.388 1087.12
183.5 362.143 365.551 361.696 1089.39
184.0 362.653 366.127 362.774 1091.55
184.5 363.198 366.9 364.009 1094.11
185.0 363.868 367.796 365.088 1096.75
185.5 364.792 368.55 366.255 1099.6
186.0 366.006 369.63 367.466 1103.1
186.5 367.387 370.33 368.449 1106.17
187.0 368.77 371.268 369.289 1109.33
187.5 369.663 372.423 370.365 1112.45
188.0 370.848 373.27 371.14 1115.26
188.5 372.365 374.035 371.712 1118.11
189.0 373.743 374.903 372.684 1121.33
189.5 374.995 375.667 374.129 1124.79
190.0 376.295 376.406 375.541 1128.24
190.5 377.274 377.296 376.908 1131.48
191.0 378.346 378.568 378.24 1135.15
191.5 379.316 379.639 379.558 1138.51
192.0 380.253 380.879 380.891 1142.02
192.5 381.026 381.92 381.767 1144.71
193.0 381.539 382.918 382.666 1147.12
193.5 382.042 384.031 383.938 1150.01
194.0 382.701 385.299 384.993 1152.99
194.5 383.759 386.749 386.378 1156.89
195.0 384.887 387.954 387.595 1160.44
195.5 385.973 388.961 388.612 1163.55
196.0 387.188 389.916 389.484 1166.59
196.5 388.205 390.706 390.501 1169.41
197.0 389.207 391.225 391.715 1172.15
197.5 390.413 391.977 392.589 1174.98
198.0 391.587 393.169 393.411 1178.17
198.5 392.993 394.455 394.513 1181.96
199.0 394.713 395.765 395.588 1186.07
199.5 396.076 397.001 396.297 1189.37
200.0 397.21 397.828 397.053 1192.09
