# Chunk-averaged data for fix velo and group all
# Timestep Number-of-chunks Total-count
# Chunk Coord1 Ncount vx
101000 20 5324.000000000001
  1 0.025 272.68 -0.00807407
  2 0.075 261.24 -0.00699617
  3 0.125 268.5 0.0037371
  4 0.175 267.8 0.0484888
  5 0.225 270.92 0.0509692
  6 0.275 268.34 0.0564544
  7 0.325 263.96 0.0477054
  8 0.375 267.62 0.0424023
  9 0.425 272.48 0.0218452
  10 0.475 263.2 0.00878729
  11 0.525 266.54 0.0239054
  12 0.575 264.22 0.0319311
  13 0.625 259.44 -0.0164265
  14 0.675 262.34 -0.00804362
  15 0.725 267.32 -0.0388124
  16 0.775 268.52 -0.0486204
  17 0.825 262.86 -0.0148583
  18 0.875 264.08 -0.0203009
  19 0.925 265.88 -0.0543666
  20 0.975 266.06 -0.0098383
102000 20 5323.999999999999
  1 0.025 270.34 0.00112145
  2 0.075 269.9 -0.011377
  3 0.125 268.74 0.00278477
  4 0.175 269.22 0.00148938
  5 0.225 270.6 -0.0103268
  6 0.275 267.56 0.0130912
  7 0.325 265.78 -0.0178984
  8 0.375 266.96 -0.0118898
  9 0.425 262.9 0.0165082
  10 0.475 262.48 0.0250608
  11 0.525 265.86 0.0266837
  12 0.575 262.42 0.0553189
  13 0.625 260.78 0.0326367
  14 0.675 263.08 0.0308735
  15 0.725 267.98 -0.00245093
  16 0.775 264.02 -0.0126789
  17 0.825 266.36 -0.0373863
  18 0.875 264.12 0.0274589
  19 0.925 263.9 -0.019058
  20 0.975 271 0.00445436
103000 20 5323.999999999999
  1 0.025 267.5 -0.0298939
  2 0.075 267.38 -0.038898
  3 0.125 262.86 -0.0213372
  4 0.175 269.18 -0.00153288
  5 0.225 268.36 0.0204671
  6 0.275 264.5 0.0286962
  7 0.325 266.6 -0.034769
  8 0.375 262.82 -0.0254618
  9 0.425 265.24 0.0429634
  10 0.475 267.46 0.0177574
  11 0.525 264.52 0.0539172
  12 0.575 263.08 0.0430461
  13 0.625 263.7 0.0647603
  14 0.675 265.24 0.0598792
  15 0.725 264.64 0.013648
  16 0.775 267.26 -0.0170617
  17 0.825 268.98 -0.0482845
  18 0.875 269.04 -0.00227763
  19 0.925 266.28 -0.0205831
  20 0.975 269.36 0.00899802
104000 20 5324
  1 0.025 265.52 -0.0571622
  2 0.075 272.88 -0.0282706
  3 0.125 270.46 -0.0267192
  4 0.175 263.92 -0.000479792
  5 0.225 266.18 0.0366035
  6 0.275 270.72 0.0458347
  7 0.325 261.38 -0.00956614
  8 0.375 261.88 -0.0111803
  9 0.425 264.42 0.0204397
  10 0.475 268.54 0.0477052
  11 0.525 266.6 0.0881798
  12 0.575 263.52 0.0817321
  13 0.625 265.66 0.0578646
  14 0.675 264.02 0.0311179
  15 0.725 267.68 -0.00192157
  16 0.775 268.3 -0.0459537
  17 0.825 266.06 -0.0196136
  18 0.875 263.18 -0.0205159
  19 0.925 264.56 -0.0326202
  20 0.975 268.52 -0.0426332
105000 20 5323.999999999999
  1 0.025 266.76 -0.0573241
  2 0.075 269.94 -0.00320442
  3 0.125 267.48 0.0271301
  4 0.175 264.3 -0.00064541
  5 0.225 266.84 -0.00651319
  6 0.275 268.3 0.0159012
  7 0.325 268.6 0.00344722
  8 0.375 265.24 0.0328624
  9 0.425 266.76 0.0416265
  10 0.475 268.42 0.0533205
  11 0.525 266.56 0.0725462
  12 0.575 267.56 0.100693
  13 0.625 265.78 0.0564137
  14 0.675 264.14 0.0413803
  15 0.725 265 0.0321346
  16 0.775 262.58 -0.00793853
  17 0.825 263.98 -0.0655846
  18 0.875 265.24 -0.0888193
  19 0.925 262.36 -0.0809775
  20 0.975 268.16 -0.0568523
106000 20 5324.000000000001
  1 0.025 270.56 -0.0483684
  2 0.075 268.66 -0.0755039
  3 0.125 266.32 -0.103894
  4 0.175 268.6 -0.0473504
  5 0.225 268.38 -0.0153275
  6 0.275 268.24 0.0306048
  7 0.325 270.92 0.017444
  8 0.375 268.2 0.0262845
  9 0.425 261.86 0.0493448
  10 0.475 266.12 0.109069
  11 0.525 265.28 0.130008
  12 0.575 265.46 0.0712336
  13 0.625 266.44 0.0218753
  14 0.675 267.94 0.00772027
  15 0.725 263.56 0.0146382
  16 0.775 261.78 -0.00717354
  17 0.825 263.64 -0.022423
  18 0.875 263.58 0.0161261
  19 0.925 262.96 -0.0272791
  20 0.975 265.5 -0.0328116
107000 20 5324
  1 0.025 266.58 -0.0416695
  2 0.075 269.52 -0.055015
  3 0.125 271.14 -0.0235355
  4 0.175 275.14 -0.0489209
  5 0.225 270.94 -0.0428987
  6 0.275 264.72 -0.0461933
  7 0.325 265.78 -0.0353156
  8 0.375 261.62 -0.000300627
  9 0.425 256.92 0.047893
  10 0.475 263.74 0.0699796
  11 0.525 268.24 0.131172
  12 0.575 270.9 0.126318
  13 0.625 266.98 0.0894415
  14 0.675 269.42 -0.000771656
  15 0.725 267.88 -0.0305915
  16 0.775 264.74 0.00922436
  17 0.825 263.34 0.0182525
  18 0.875 264.2 -0.000853147
  19 0.925 261.76 -0.0226118
  20 0.975 260.44 -0.0301982
108000 20 5324.000000000001
  1 0.025 267.5 -0.043005
  2 0.075 268.08 -0.0525032
  3 0.125 267.46 -0.0433092
  4 0.175 272.4 -0.0474143
  5 0.225 271.9 -0.0475801
  6 0.275 263.66 -0.0346906
  7 0.325 272.48 0.0164688
  8 0.375 265.34 -0.00328104
  9 0.425 263.96 0.0124847
  10 0.475 261.82 0.0952858
  11 0.525 264.02 0.119816
  12 0.575 264.9 0.0832352
  13 0.625 260.6 0.0304949
  14 0.675 269.42 0.00170343
  15 0.725 263.42 0.0254633
  16 0.775 264.12 0.0033006
  17 0.825 267.6 -0.0211026
  18 0.875 265.72 0.010703
  19 0.925 262.82 0.0164879
  20 0.975 266.78 -0.00415288
109000 20 5324.000000000001
  1 0.025 271.1 -0.057391
  2 0.075 270.28 -0.0354811
  3 0.125 264 -0.0274329
  4 0.175 269.06 -0.0308487
  5 0.225 271.72 -0.03972
  6 0.275 273.2 0.00336591
  7 0.325 271.26 0.010123
  8 0.375 269.94 0.00596861
  9 0.425 262.96 -0.00135934
  10 0.475 265.4 0.0400537
  11 0.525 269.04 0.0875409
  12 0.575 266.84 0.0853824
  13 0.625 266.3 0.0774173
  14 0.675 266.38 0.0345674
  15 0.725 265.36 0.0301279
  16 0.775 261.48 0.00947043
  17 0.825 252.5 -0.0318119
  18 0.875 260.02 -0.00396841
  19 0.925 261.52 -0.0190315
  20 0.975 265.64 -0.0258484
110000 20 5324
  1 0.025 265.28 -0.071373
  2 0.075 266.02 -0.0867107
  3 0.125 262.24 -0.0264446
  4 0.175 267.76 -0.00277039
  5 0.225 273.56 0.0280004
  6 0.275 274.94 -0.0228793
  7 0.325 271.2 0.0453644
  8 0.375 266.46 0.0515308
  9 0.425 265.66 -0.00114117
  10 0.475 265.18 0.0376344
  11 0.525 267.88 0.0440036
  12 0.575 266.16 0.0546965
  13 0.625 268.1 0.0117254
  14 0.675 265.98 0.0148854
  15 0.725 261.24 0.0318597
  16 0.775 260.22 0.0488355
  17 0.825 264.34 0.0506356
  18 0.875 265.2 -0.00780384
  19 0.925 259.9 -0.0508294
  20 0.975 266.68 -0.0382413
111000 20 5324
  1 0.025 266.78 -0.0570828
  2 0.075 267 -0.0876834
  3 0.125 263.74 -0.0346464
  4 0.175 270.64 -0.00468909
  5 0.225 269.84 -0.0129898
  6 0.275 269.5 -0.0244758
  7 0.325 269.92 0.00509546
  8 0.375 265.28 0.0815188
  9 0.425 265.88 0.0361718
  10 0.475 261.24 0.0412364
  11 0.525 263.14 0.0479236
  12 0.575 264.34 0.0340864
  13 0.625 264.1 0.0323102
  14 0.675 265.88 0.0259177
  15 0.725 265.5 0.0314749
  16 0.775 262.56 0.0426417
  17 0.825 265.02 0.0300981
  18 0.875 270.3 -0.00690096
  19 0.925 266.94 -0.0260215
  20 0.975 266.4 -0.0383506
112000 20 5324
  1 0.025 262.8 -0.0640806
  2 0.075 261.32 -0.0381793
  3 0.125 263.96 -0.0368903
  4 0.175 267.96 -0.00723722
  5 0.225 267.38 -0.012877
  6 0.275 274.54 0.0220427
  7 0.325 268.56 0.0320165
  8 0.375 266.3 0.0213961
  9 0.425 261.8 0.0314133
  10 0.475 266.44 0.075449
  11 0.525 266.42 0.0150361
  12 0.575 268.94 0.0396506
  13 0.625 272.36 0.0479078
  14 0.675 265.56 0.0801565
  15 0.725 262.72 0.0623315
  16 0.775 263.56 0.0122351
  17 0.825 263.86 -0.00273222
  18 0.875 267.72 -0.0171871
  19 0.925 265.44 -0.0776666
  20 0.975 266.36 -0.07364
113000 20 5324
  1 0.025 259.28 -0.078448
  2 0.075 260.72 0.0037754
  3 0.125 262.78 -0.0222376
  4 0.175 267.8 0.00882658
  5 0.225 270.82 0.0182557
  6 0.275 270.58 -0.00508133
  7 0.325 268.08 0.0152931
  8 0.375 266.46 0.0468266
  9 0.425 264.52 0.0207945
  10 0.475 263.58 0.0818153
  11 0.525 268.56 0.0875129
  12 0.575 268.8 0.0995986
  13 0.625 272.2 0.0307454
  14 0.675 269.26 0.00166315
  15 0.725 269.02 0.0203347
  16 0.775 265.18 -0.0408275
  17 0.825 264.06 -0.0327403
  18 0.875 267.04 -0.0304463
  19 0.925 262.38 -0.0429484
  20 0.975 262.88 -0.0771377
114000 20 5324
  1 0.025 256.68 -0.088197
  2 0.075 260.64 -0.0608485
  3 0.125 268.42 -0.0637557
  4 0.175 270.58 -0.00428455
  5 0.225 271.22 0.0333003
  6 0.275 272.94 0.0174151
  7 0.325 272.06 -0.00392298
  8 0.375 272.08 0.0312472
  9 0.425 272.74 0.0109393
  10 0.475 268.64 0.0369371
  11 0.525 260.78 0.0695214
  12 0.575 265.38 0.0391157
  13 0.625 270.82 0.0452768
  14 0.675 266.78 0.0610592
  15 0.725 273.82 0.0541511
  16 0.775 268.26 -0.00110852
  17 0.825 262.36 -0.0031092
  18 0.875 260.14 0.0115452
  19 0.925 255.5 -0.0378871
  20 0.975 254.16 -0.0458992
115000 20 5324
  1 0.025 258.84 -0.079266
  2 0.075 265.52 -0.104621
  3 0.125 268.98 -0.0989378
  4 0.175 268.7 -0.0632459
  5 0.225 268.58 -0.0368357
  6 0.275 267.82 -8.48214e-05
  7 0.325 270.38 0.0539805
  8 0.375 271.44 0.0555654
  9 0.425 271.84 0.0443698
  10 0.475 271.46 0.0466849
  11 0.525 273.76 0.0689529
  12 0.575 270.28 0.0612597
  13 0.625 269.06 0.0415587
  14 0.675 264.12 0.0475504
  15 0.725 265.84 0.0834482
  16 0.775 261.18 0.060081
  17 0.825 258.92 0.0178829
  18 0.875 259.56 -0.0107516
  19 0.925 260.6 -0.0231237
  20 0.975 257.12 -0.0609405
116000 20 5324.000000000001
  1 0.025 264.4 -0.0796124
  2 0.075 261.62 -0.0729321
  3 0.125 267.36 -0.0536684
  4 0.175 266.44 -0.0731896
  5 0.225 271.84 -0.00820679
  6 0.275 266.14 0.0313956
  7 0.325 268.12 0.0609961
  8 0.375 273.02 0.0560408
  9 0.425 270.66 0.0467164
  10 0.475 264.44 0.0429874
  11 0.525 263.94 0.0439945
  12 0.575 272.4 0.0625025
  13 0.625 272.82 0.0452428
  14 0.675 268.16 0.0347228
  15 0.725 264.36 0.033255
  16 0.775 257.66 0.018171
  17 0.825 263.98 0.0169347
  18 0.875 260.34 -0.0160559
  19 0.925 265.74 -0.0216339
  20 0.975 260.56 -0.0626709
117000 20 5324
  1 0.025 261.64 -0.0527057
  2 0.075 262.22 -0.0486068
  3 0.125 265.68 -0.0203349
  4 0.175 270.5 -0.0271557
  5 0.225 267.28 0.00216872
  6 0.275 270.76 0.0206681
  7 0.325 268.04 -0.016077
  8 0.375 266.86 0.0118617
  9 0.425 269.68 0.0613765
  10 0.475 267.64 0.0674432
  11 0.525 263.28 0.0906977
  12 0.575 269.18 0.073949
  13 0.625 271.92 0.0425536
  14 0.675 273.42 0.032766
  15 0.725 272.18 -0.0230774
  16 0.775 263.86 -0.018644
  17 0.825 261.42 -0.00896198
  18 0.875 259.18 -0.0229408
  19 0.925 256.96 -0.0266276
  20 0.975 262.3 -0.0325769
118000 20 5324
  1 0.025 259.86 -0.0139476
  2 0.075 262.12 -0.0188613
  3 0.125 262.86 -0.0138807
  4 0.175 259.72 -0.000609171
  5 0.225 265.7 -0.00178876
  6 0.275 271.06 -0.0133645
  7 0.325 272.66 0.0150425
  8 0.375 269.78 0.0390559
  9 0.425 265.54 0.0786857
  10 0.475 264.52 0.0930342
  11 0.525 269.2 0.0360574
  12 0.575 271.56 0.0538565
  13 0.625 269.3 0.0271778
  14 0.675 265.98 0.0210656
  15 0.725 270.62 -0.027007
  16 0.775 270.1 -0.0558989
  17 0.825 260.72 -0.0441803
  18 0.875 265.52 -0.0495935
  19 0.925 264.1 0.00101034
  20 0.975 263.08 -0.0163707
119000 20 5324
  1 0.025 262.12 -0.0627811
  2 0.075 263.76 -0.052443
  3 0.125 271.34 -0.0448388
  4 0.175 264.8 -0.0216241
  5 0.225 265.92 0.0135569
  6 0.275 262.32 0.0120141
  7 0.325 263.52 0.0200652
  8 0.375 261.24 0.0487474
  9 0.425 265.92 0.0468694
  10 0.475 263.44 0.0784116
  11 0.525 271.3 0.0411271
  12 0.575 272.14 0.0192506
  13 0.625 274.5 0.00518967
  14 0.675 274.54 0.0125528
  15 0.725 264.4 0.0376549
  16 0.775 263.74 0.0321742
  17 0.825 262.78 -0.0243414
  18 0.875 265.26 -0.00683833
  19 0.925 265.64 -0.0310161
  20 0.975 265.32 -0.0120188
120000 20 5324
  1 0.025 265.08 -0.0417475
  2 0.075 265.9 -0.056495
  3 0.125 262.88 -0.0406684
  4 0.175 260.9 -0.0453493
  5 0.225 266.22 -0.0719396
  6 0.275 269.1 -0.0191529
  7 0.325 267.5 0.0412882
  8 0.375 269.62 0.0979693
  9 0.425 263.24 0.0470662
  10 0.475 267.38 0.0116546
  11 0.525 267.32 0.0337931
  12 0.575 270.94 0.0428534
  13 0.625 271.52 0.0293025
  14 0.675 264.94 0.0199364
  15 0.725 265.92 0.0623477
  16 0.775 260.8 0.0261615
  17 0.825 265.64 -0.0125628
  18 0.875 267.52 0.00678859
  19 0.925 265.92 -0.0299359
  20 0.975 265.66 0.00729248
121000 20 5324
  1 0.025 264.62 -0.0380052
  2 0.075 266.56 -0.0400053
  3 0.125 265.38 -0.00571452
  4 0.175 268 0.0217073
  5 0.225 265.88 -0.0112847
  6 0.275 269.54 0.00049199
  7 0.325 268.86 -0.0185031
  8 0.375 264.64 -0.029601
  9 0.425 263.12 0.0539979
  10 0.475 269.64 0.0591738
  11 0.525 266.98 0.0392255
  12 0.575 276.06 0.0294145
  13 0.625 268.74 0.0561812
  14 0.675 265.08 0.0360338
  15 0.725 262.12 0.00450296
  16 0.775 263.18 0.0255318
  17 0.825 264.46 -0.016148
  18 0.875 266.16 0.00184592
  19 0.925 263.26 -0.0198904
  20 0.975 261.72 -0.039759
122000 20 5324
  1 0.025 267.94 -0.0332236
  2 0.075 263.46 -0.0278688
  3 0.125 268.86 -0.0419167
  4 0.175 267.56 -0.0757538
  5 0.225 267.52 -0.0320475
  6 0.275 268.74 -0.0723233
  7 0.325 267.64 -0.0326153
  8 0.375 267.68 0.0438284
  9 0.425 268.38 0.0667868
  10 0.475 272.4 0.0680831
  11 0.525 269.52 0.0838913
  12 0.575 269.48 0.0965582
  13 0.625 264.72 0.0572575
  14 0.675 260.2 0.0241958
  15 0.725 257.02 0.0143266
  16 0.775 256.84 0.00770513
  17 0.825 264.58 -0.00276679
  18 0.875 267.52 0.00228179
  19 0.925 267.46 0.00636986
  20 0.975 266.48 -0.0421011
123000 20 5323.999999999999
  1 0.025 269.46 -0.0574877
  2 0.075 268.12 -0.0697917
  3 0.125 272.02 -0.079686
  4 0.175 267.34 -0.0817989
  5 0.225 264.08 -0.0136684
  6 0.275 262.8 0.0228657
  7 0.325 267.62 0.0496314
  8 0.375 267.8 0.0189244
  9 0.425 261.92 0.0740293
  10 0.475 267.92 0.0529583
  11 0.525 265.3 0.0450024
  12 0.575 266.06 0.0222065
  13 0.625 267.06 0.0357394
  14 0.675 266.64 0.0769177
  15 0.725 261.96 0.0435835
  16 0.775 256.06 -0.0170134
  17 0.825 262.46 0.00788309
  18 0.875 268.44 0.0237756
  19 0.925 268.94 -0.000613949
  20 0.975 272 -0.0369123
124000 20 5324
  1 0.025 273.22 -0.0652683
  2 0.075 273.72 -0.0625368
  3 0.125 268.36 -0.0284087
  4 0.175 256.58 -0.0275433
  5 0.225 256.02 -0.0330933
  6 0.275 264.06 -0.0450063
  7 0.325 266.16 0.00575838
  8 0.375 269.88 0.0593346
  9 0.425 269.74 0.0972212
  10 0.475 266.9 0.0905192
  11 0.525 270.58 0.075561
  12 0.575 266.56 0.0611897
  13 0.625 267.02 0.0463273
  14 0.675 266.1 0.0526061
  15 0.725 258.12 0.0359648
  16 0.775 261.88 -0.00799803
  17 0.825 264.08 -0.00114287
  18 0.875 266.64 -0.0279869
  19 0.925 267.92 -0.0707679
  20 0.975 270.46 -0.0433795
125000 20 5324
  1 0.025 269.02 -0.0453167
  2 0.075 272.04 -0.0709335
  3 0.125 266.58 -0.0354785
  4 0.175 263.94 0.00920965
  5 0.225 259.4 0.0552503
  6 0.275 267.56 0.0348626
  7 0.325 270.24 0.0164927
  8 0.375 270.48 0.0508636
  9 0.425 270.58 0.058192
  10 0.475 261.2 0.0885801
  11 0.525 262.3 0.067571
  12 0.575 267.44 0.0262727
  13 0.625 261.46 5.63197e-05
  14 0.675 259.94 0.0162432
  15 0.725 265.24 0.00502393
  16 0.775 265.44 0.00628344
  17 0.825 266.26 -0.036356
  18 0.875 266.44 -0.0480697
  19 0.925 267.14 -0.0512307
  20 0.975 271.3 -0.0304734
126000 20 5324
  1 0.025 271.34 -0.0914569
  2 0.075 269.92 -0.0616907
  3 0.125 265.1 -0.0391754
  4 0.175 266.86 0.00485775
  5 0.225 263.46 -0.0155834
  6 0.275 263.42 0.02416
  7 0.325 268.84 0.037657
  8 0.375 263.94 0.0116201
  9 0.425 268.54 0.0229176
  10 0.475 273.84 0.0540859
  11 0.525 263.92 0.0346306
  12 0.575 268.8 0.0639233
  13 0.625 265.42 0.0577454
  14 0.675 265.84 0.0616088
  15 0.725 262.86 0.0740521
  16 0.775 262.34 0.0536396
  17 0.825 264.98 0.0099923
  18 0.875 265.52 0.00179805
  19 0.925 264.04 -0.0820031
  20 0.975 265.02 -0.109828
127000 20 5323.999999999999
  1 0.025 266.2 -0.0143097
  2 0.075 259.3 0.00998932
  3 0.125 261.78 -0.0148649
  4 0.175 263.22 -0.0314726
  5 0.225 265.68 -0.0242308
  6 0.275 263.64 0.00215937
  7 0.325 268.28 0.0290952
  8 0.375 271.18 0.0303558
  9 0.425 272.5 0.0319214
  10 0.475 272.38 0.0232599
  11 0.525 267.76 0.069133
  12 0.575 269.96 0.0462926
  13 0.625 268.52 0.069191
  14 0.675 270 0.0517063
  15 0.725 262.1 0.0318925
  16 0.775 267.74 -0.0130843
  17 0.825 265.36 -0.0273565
  18 0.875 260.74 -0.0585279
  19 0.925 263.12 -0.066432
  20 0.975 264.54 -0.039406
128000 20 5324
  1 0.025 265.52 -0.0596984
  2 0.075 265.38 -0.022394
  3 0.125 261.16 0.00620307
  4 0.175 258.46 -0.00131958
  5 0.225 257.42 0.000629693
  6 0.275 261.84 0.0342826
  7 0.325 271.62 0.0246257
  8 0.375 268.58 0.0291154
  9 0.425 266.36 0.0498976
  10 0.475 268.58 0.0726162
  11 0.525 273.16 0.0607373
  12 0.575 267.66 0.0753382
  13 0.625 272.98 0.0474305
  14 0.675 267.7 -0.0208545
  15 0.725 265.6 -0.00598278
  16 0.775 261.44 0.0231403
  17 0.825 266.18 -0.0224522
  18 0.875 268.1 -0.0627345
  19 0.925 269.42 -0.0653717
  20 0.975 266.84 -0.0536319
129000 20 5324
  1 0.025 263.22 -0.0298283
  2 0.075 264.74 -0.029413
  3 0.125 264.54 -0.050316
  4 0.175 260.46 -0.0330096
  5 0.225 257.64 -0.0367589
  6 0.275 259.56 0.00985532
  7 0.325 267.34 0.043755
  8 0.375 263.26 0.0439075
  9 0.425 264.46 0.0667904
  10 0.475 271.58 0.0940566
  11 0.525 268.86 0.0666442
  12 0.575 272.4 0.0518609
  13 0.625 272.46 0.0478917
  14 0.675 265.1 -0.0207335
  15 0.725 268.22 0.0133695
  16 0.775 267.86 0.00119642
  17 0.825 267.92 -0.00125745
  18 0.875 268.74 -0.015341
  19 0.925 267.04 -0.0723168
  20 0.975 268.6 -0.0444841
130000 20 5324
  1 0.025 272.84 -0.102299
  2 0.075 268.5 -0.029581
  3 0.125 261.42 -0.0425916
  4 0.175 263.6 -0.0225465
  5 0.225 260.02 -0.0257284
  6 0.275 263.3 -0.0226529
  7 0.325 264.6 0.0225598
  8 0.375 257.42 0.0192692
  9 0.425 265.48 0.0865052
  10 0.475 269.48 0.113262
  11 0.525 267.06 0.11815
  12 0.575 273.84 0.107683
  13 0.625 266.6 0.0844144
  14 0.675 271.66 0.0558284
  15 0.725 267.08 0.0605737
  16 0.775 269.22 -0.0082906
  17 0.825 266.16 -0.0190483
  18 0.875 264.64 -0.0612452
  19 0.925 263.3 -0.108705
  20 0.975 267.78 -0.118756
131000 20 5323.999999999999
  1 0.025 267.64 -0.0468706
  2 0.075 270.42 -0.108642
  3 0.125 268.76 -0.0604115
  4 0.175 262.72 -0.0450489
  5 0.225 263.64 0.00148157
  6 0.275 261.02 0.0293447
  7 0.325 265.04 0.0498064
  8 0.375 265.6 0.0742272
  9 0.425 266.64 0.0796649
  10 0.475 267.88 0.0927323
  11 0.525 264.14 0.101232
  12 0.575 265.08 0.0605082
  13 0.625 267.6 0.0400562
  14 0.675 270.16 0.0290459
  15 0.725 273.52 0.028938
  16 0.775 264.42 0.000888688
  17 0.825 265.02 -0.0367976
  18 0.875 265.54 -0.0478974
  19 0.925 263.8 -0.0489071
  20 0.975 265.36 -0.080599
132000 20 5324.000000000001
  1 0.025 268.12 -0.0789408
  2 0.075 266.24 -0.0855394
  3 0.125 265.84 -0.0850332
  4 0.175 262.1 -0.0858678
  5 0.225 269.06 -0.0615645
  6 0.275 262.48 -0.00877962
  7 0.325 266.22 0.0302503
  8 0.375 264.16 0.0828196
  9 0.425 269.64 0.0587299
  10 0.475 269.54 0.0775153
  11 0.525 267.4 0.0793827
  12 0.575 268.06 0.0701033
  13 0.625 270.1 0.0958273
  14 0.675 266.42 0.077518
  15 0.725 269.54 0.0199651
  16 0.775 265.34 0.0541573
  17 0.825 268.18 0.036754
  18 0.875 262.52 -0.0225245
  19 0.925 263 -0.0614768
  20 0.975 260.04 -0.0885728
133000 20 5324
  1 0.025 263.6 -0.0996272
  2 0.075 262.74 -0.0897386
  3 0.125 271.4 -0.0770043
  4 0.175 270.66 -0.0530331
  5 0.225 266.2 -0.0127699
  6 0.275 266.24 -0.0106561
  7 0.325 257.42 0.026518
  8 0.375 264.12 0.077606
  9 0.425 265.64 0.0672687
  10 0.475 263.66 0.0808703
  11 0.525 264.52 0.0789648
  12 0.575 264.26 0.0758428
  13 0.625 266.8 0.0478369
  14 0.675 267.64 0.0487089
  15 0.725 271.4 0.0467607
  16 0.775 265.84 0.0242718
  17 0.825 267.72 0.0177521
  18 0.875 269.44 -0.0118699
  19 0.925 268.52 -0.0538861
  20 0.975 266.18 -0.0689563
134000 20 5324
  1 0.025 268.94 -0.0325167
  2 0.075 270.12 -0.0202893
  3 0.125 265.34 -0.0545809
  4 0.175 268.28 -0.00485347
  5 0.225 267.24 -0.051591
  6 0.275 270.7 -0.0323488
  7 0.325 267.86 -0.00292828
  8 0.375 260.84 0.0176292
  9 0.425 261.68 0.0655487
  10 0.475 264 0.0531935
  11 0.525 259.78 0.0490832
  12 0.575 258.08 0.0727525
  13 0.625 262.12 0.0752651
  14 0.675 272.52 0.0807165
  15 0.725 269.12 0.0565116
  16 0.775 270.16 0.00621927
  17 0.825 269.32 -0.0334256
  18 0.875 267.72 -0.0501039
  19 0.925 267.04 -0.0381368
  20 0.975 263.14 -0.0387918
135000 20 5324.000000000001
  1 0.025 271.66 -0.0366795
  2 0.075 272.58 -0.0425002
  3 0.125 268.72 -0.0413513
  4 0.175 264.48 -0.0120365
  5 0.225 266.48 -0.00983828
  6 0.275 267.02 -0.0239577
  7 0.325 267.4 -0.030441
  8 0.375 265.5 -0.0445557
  9 0.425 258.84 0.0267585
  10 0.475 260.5 0.044056
  11 0.525 258.42 0.0196254
  12 0.575 262.58 0.0283595
  13 0.625 261.22 0.0407791
  14 0.675 266.92 0.037662
  15 0.725 262.62 0.0748318
  16 0.775 263.6 0.049368
  17 0.825 271.32 0.0371808
  18 0.875 274.02 0.00389507
  19 0.925 270.62 -0.00134446
  20 0.975 269.5 -0.001713
136000 20 5323.999999999999
  1 0.025 272.56 5.84786e-05
  2 0.075 271.2 -0.0160183
  3 0.125 269.06 -0.0466808
  4 0.175 262.64 -0.0226735
  5 0.225 264.98 -0.0338623
  6 0.275 268.4 -0.0226103
  7 0.325 269.64 0.0243108
  8 0.375 269.22 0.0354316
  9 0.425 264.76 0.0230219
  10 0.475 266.08 0.0209582
  11 0.525 261.24 0.0244478
  12 0.575 257.44 0.0139364
  13 0.625 258.7 0.0470327
  14 0.675 261.32 0.0623598
  15 0.725 270.16 0.0325857
  16 0.775 268.42 -0.0209206
  17 0.825 268.92 0.00403451
  18 0.875 268.32 -0.00492231
  19 0.925 262.9 -0.00418955
  20 0.975 268.04 -0.00142128
137000 20 5323.999999999999
  1 0.025 261.76 -0.0466055
  2 0.075 265.22 -0.0821418
  3 0.125 269.22 -0.0474918
  4 0.175 269.44 -0.024737
  5 0.225 267.92 -0.011003
  6 0.275 272.34 0.0415424
  7 0.325 271.5 0.0355182
  8 0.375 269.64 0.0279446
  9 0.425 265.18 0.0654402
  10 0.475 265.14 0.0267604
  11 0.525 263.62 0.0381876
  12 0.575 262.16 0.018022
  13 0.625 265.42 0.040326
  14 0.675 263.1 0.0313941
  15 0.725 262.54 0.0319484
  16 0.775 263.74 0.00629416
  17 0.825 267.28 0.0118772
  18 0.875 264.7 -0.00956777
  19 0.925 268.36 0.00601113
  20 0.975 265.72 -0.0482668
138000 20 5323.999999999999
  1 0.025 263.04 -0.0719311
  2 0.075 263.72 -0.0822677
  3 0.125 267.48 -0.0352535
  4 0.175 267.66 -0.0157467
  5 0.225 269.68 0.00334665
  6 0.275 267.26 0.00739088
  7 0.325 269.32 -0.0132166
  8 0.375 266.58 -0.0168765
  9 0.425 265.66 0.0158337
  10 0.475 267.04 0.0630877
  11 0.525 268.16 0.0965418
  12 0.575 265.36 0.0732192
  13 0.625 261.62 -0.0103166
  14 0.675 262.1 0.0289676
  15 0.725 266.26 0.0478121
  16 0.775 267.32 0.00772436
  17 0.825 271.34 0.048517
  18 0.875 267.54 0.0304864
  19 0.925 263.2 -0.00360607
  20 0.975 263.66 -0.0652426
139000 20 5324
  1 0.025 257.26 -0.0690539
  2 0.075 261.6 -0.0701775
  3 0.125 267.62 -0.0194517
  4 0.175 264.18 0.0391034
  5 0.225 264.7 0.027031
  6 0.275 263.74 0.0145066
  7 0.325 267.44 -0.00316481
  8 0.375 268.02 0.0158579
  9 0.425 268.26 0.00104474
  10 0.475 270.52 0.0222808
  11 0.525 265.94 0.0366204
  12 0.575 268.24 0.0270242
  13 0.625 268.72 0.0522159
  14 0.675 270.08 0.0844637
  15 0.725 269.68 0.0702976
  16 0.775 268.16 0.00928858
  17 0.825 265.54 -0.00962597
  18 0.875 266.9 -0.0186306
  19 0.925 261.4 -0.0315706
  20 0.975 266 -0.0729475
140000 20 5324
  1 0.025 262.9 -0.0466678
  2 0.075 266.36 -0.0324068
  3 0.125 269.3 -0.0435868
  4 0.175 265.44 -0.0328829
  5 0.225 263.7 -0.0128835
  6 0.275 260.9 0.0214839
  7 0.325 267.16 0.0852248
  8 0.375 265.1 0.0852229
  9 0.425 261.18 0.0634756
  10 0.475 269.24 0.0834967
  11 0.525 272.1 0.0918027
  12 0.575 269.44 0.0543856
  13 0.625 266.8 0.0347785
  14 0.675 268.24 0.0165348
  15 0.725 265.44 -0.0116144
  16 0.775 272.02 -0.0405823
  17 0.825 272.64 -0.0340937
  18 0.875 266.5 -0.0348656
  19 0.925 259.68 -0.0815186
  20 0.975 259.86 -0.0574994
141000 20 5324
  1 0.025 266.08 -0.0764828
  2 0.075 268.44 -0.0382694
  3 0.125 264.72 -0.0365888
  4 0.175 258.6 -0.0304303
  5 0.225 257.84 0.00768809
  6 0.275 261.56 0.0408896
  7 0.325 264.26 0.0706494
  8 0.375 266.66 0.053209
  9 0.425 267.92 0.0903778
  10 0.475 269.42 0.0691681
  11 0.525 267.94 0.0693483
  12 0.575 267.94 0.0356795
  13 0.625 271.18 0.0143607
  14 0.675 273.56 -0.00844821
  15 0.725 270.72 0.000701984
  16 0.775 265.26 0.0150972
  17 0.825 262.48 -0.00259998
  18 0.875 264.02 -0.0295894
  19 0.925 268 -0.0562464
  20 0.975 267.4 -0.0776674
142000 20 5324.000000000002
  1 0.025 269.88 -0.0659043
  2 0.075 270.64 -0.0470995
  3 0.125 264.5 -0.0152561
  4 0.175 263.4 -0.0322811
  5 0.225 266.06 -0.0363863
  6 0.275 263.24 0.0188066
  7 0.325 267.7 -0.00561598
  8 0.375 266.9 0.049818
  9 0.425 270.34 0.0825926
  10 0.475 264.88 0.0684217
  11 0.525 264.32 0.0755089
  12 0.575 262.68 0.0523108
  13 0.625 268.86 0.0348281
  14 0.675 266.86 0.0131798
  15 0.725 259.38 0.0155723
  16 0.775 267.18 0.016824
  17 0.825 264.34 0.00516461
  18 0.875 268.48 -0.0069532
  19 0.925 267.06 -0.0366818
  20 0.975 267.3 -0.0728438
143000 20 5323.999999999998
  1 0.025 267.18 -0.0758804
  2 0.075 269.52 -0.0628046
  3 0.125 264.48 -0.0351647
  4 0.175 267.72 -0.00065132
  5 0.225 267.78 -0.016599
  6 0.275 263.3 0.0105108
  7 0.325 265.9 -0.00384911
  8 0.375 266.9 0.0288411
  9 0.425 266.04 0.0275122
  10 0.475 265.94 0.04961
  11 0.525 265.56 0.0657547
  12 0.575 262.38 0.079519
  13 0.625 263.68 0.0761168
  14 0.675 264.16 0.0751712
  15 0.725 263.66 0.0453767
  16 0.775 266.28 0.0231717
  17 0.825 270.48 0.0145766
  18 0.875 268.44 -0.0286387
  19 0.925 266.82 -0.0663164
  20 0.975 267.78 -0.0896012
144000 20 5324.000000000001
  1 0.025 272.48 -0.111974
  2 0.075 268.26 -0.100581
  3 0.125 268.82 -0.0586472
  4 0.175 265.52 -0.00864676
  5 0.225 267.6 -0.010918
  6 0.275 263.74 0.00827023
  7 0.325 265.76 0.0265608
  8 0.375 260.08 0.0350813
  9 0.425 268.26 0.0660418
  10 0.475 262.12 0.0823845
  11 0.525 262.86 0.0663653
  12 0.575 262.88 0.0600716
  13 0.625 268.04 0.108473
  14 0.675 268.38 0.0555635
  15 0.725 270.74 0.0429977
  16 0.775 265.54 -0.0126487
  17 0.825 265.6 -0.0302091
  18 0.875 264.3 -0.0147068
  19 0.925 268.18 -0.00247244
  20 0.975 264.84 -0.0843636
145000 20 5323.999999999999
  1 0.025 270.92 -0.0852808
  2 0.075 268.62 -0.0582418
  3 0.125 269.14 -0.0200702
  4 0.175 268.46 0.00687205
  5 0.225 263.9 0.0318069
  6 0.275 264.12 0.00382505
  7 0.325 260.92 0.0147823
  8 0.375 263.7 0.0445525
  9 0.425 265.9 0.0146382
  10 0.475 259.7 0.0413412
  11 0.525 257.68 0.106382
  12 0.575 265.1 0.105282
  13 0.625 264.08 0.053326
  14 0.675 271.04 0.0450601
  15 0.725 267.92 -0.00442689
  16 0.775 270.46 -0.0521738
  17 0.825 266.56 -0.0296719
  18 0.875 268.68 -0.0202725
  19 0.925 267.4 -0.0149375
  20 0.975 269.7 -0.0612323
146000 20 5324.000000000001
  1 0.025 266.62 -0.0579207
  2 0.075 267.08 -0.0348291
  3 0.125 270.9 -0.0336741
  4 0.175 268.74 0.0134641
  5 0.225 263.74 0.0330884
  6 0.275 264 0.039624
  7 0.325 266.32 0.0366333
  8 0.375 263.76 0.0467722
  9 0.425 260.82 0.0449659
  10 0.475 260.5 0.0614728
  11 0.525 264.7 0.0393131
  12 0.575 266.5 0.0562852
  13 0.625 267.28 0.0684184
  14 0.675 274.24 0.0240259
  15 0.725 268.3 -0.0104285
  16 0.775 267.58 -0.0367593
  17 0.825 264.84 -0.0382579
  18 0.875 266.22 -0.0520545
  19 0.925 265.6 -0.0271218
  20 0.975 266.26 -0.0579826
147000 20 5324
  1 0.025 268.38 -0.021618
  2 0.075 268.8 -0.00152659
  3 0.125 268.02 -0.00531984
  4 0.175 271 0.000928053
  5 0.225 268.66 0.0340045
  6 0.275 266.1 0.0867197
  7 0.325 260.12 0.0598767
  8 0.375 255.84 0.075939
  9 0.425 261.64 0.0731289
  10 0.475 266.72 0.0801707
  11 0.525 263.7 0.0583014
  12 0.575 266.8 0.0422601
  13 0.625 270.44 -0.00718527
  14 0.675 268.44 -0.0330447
  15 0.725 269.2 -0.070166
  16 0.775 271 -0.0415026
  17 0.825 268.18 -0.0680482
  18 0.875 265.9 -0.0584607
  19 0.925 261.38 -0.0556168
  20 0.975 263.68 -0.0300552
148000 20 5324
  1 0.025 265.46 -0.0484678
  2 0.075 266.62 0.000710723
  3 0.125 265.2 0.0223792
  4 0.175 267.4 0.0396266
  5 0.225 268.1 0.0568843
  6 0.275 261.12 0.0584672
  7 0.325 264.26 0.0422692
  8 0.375 262.32 0.0269042
  9 0.425 260.9 0.0383627
  10 0.475 261.5 0.0653078
  11 0.525 264 0.0705552
  12 0.575 267.9 0.0718348
  13 0.625 264.5 0.00198277
  14 0.675 270.46 -0.00734657
  15 0.725 268.74 -0.0353175
  16 0.775 270.28 -0.030923
  17 0.825 268.36 -0.0590581
  18 0.875 268.06 -0.0683015
  19 0.925 269.64 -0.0731325
  20 0.975 269.18 -0.0541644
149000 20 5324
  1 0.025 266.08 -0.05456
  2 0.075 267.18 -0.0176749
  3 0.125 263.64 0.00982611
  4 0.175 259.22 0.0240853
  5 0.225 261.4 0.0396882
  6 0.275 262.22 0.0455025
  7 0.325 261.54 0.00965081
  8 0.375 264.34 0.0372087
  9 0.425 262.92 0.0837042
  10 0.475 262.54 0.0625388
  11 0.525 258.4 0.0705697
  12 0.575 269.4 0.0711138
  13 0.625 270.4 0.0397628
  14 0.675 267.34 0.0161296
  15 0.725 272.62 -0.0271561
  16 0.775 269.22 -0.0181091
  17 0.825 274.1 -0.0450819
  18 0.875 267.58 -0.0615735
  19 0.925 274.74 -0.0881643
  20 0.975 269.12 -0.074396
150000 20 5324
  1 0.025 264.44 -0.0379461
  2 0.075 261.44 -0.0566473
  3 0.125 262.08 -0.032322
  4 0.175 268.88 -0.0376957
  5 0.225 263.44 0.0155554
  6 0.275 264.12 0.017117
  7 0.325 259.76 0.047253
  8 0.375 270.82 0.0365606
  9 0.425 268.92 0.0187769
  10 0.475 269.86 0.0260117
  11 0.525 268.92 0.0746486
  12 0.575 263.1 0.0711421
  13 0.625 265.44 0.0866036
  14 0.675 266.78 0.0530411
  15 0.725 264.3 0.0319822
  16 0.775 270.72 -0.00270301
  17 0.825 268.72 -0.0408926
  18 0.875 269.92 -0.063688
  19 0.925 267.94 -0.0449066
  20 0.975 264.4 -0.0494095
151000 20 5324
  1 0.025 265.16 0.0272949
  2 0.075 261.52 0.0046927
  3 0.125 260.96 -0.0116858
  4 0.175 264.1 -0.0482313
  5 0.225 261.44 -0.0535252
  6 0.275 261.58 -0.0353323
  7 0.325 268.26 -0.0201485
  8 0.375 272.72 0.00174888
  9 0.425 270.26 0.0319118
  10 0.475 266.78 0.0714749
  11 0.525 261.78 0.0583013
  12 0.575 265.68 0.0503445
  13 0.625 262.98 0.0560393
  14 0.675 264.44 0.0259498
  15 0.725 272.66 0.0175641
  16 0.775 271.58 -0.00615502
  17 0.825 266.76 -0.0235132
  18 0.875 268.5 -0.0345502
  19 0.925 269.86 -0.00744767
  20 0.975 266.98 0.00669421
152000 20 5324
  1 0.025 266.36 -0.0516888
  2 0.075 265.92 -0.0172374
  3 0.125 266.62 -0.0247111
  4 0.175 260.22 0.0130428
  5 0.225 259.74 -0.0291055
  6 0.275 259.08 -0.0345177
  7 0.325 260.08 0.00153507
  8 0.375 267.26 0.00990295
  9 0.425 264.46 0.0248714
  10 0.475 268.64 0.0563004
  11 0.525 270.24 0.0638026
  12 0.575 264.12 0.0375558
  13 0.625 269.28 0.0505675
  14 0.675 270.22 0.063801
  15 0.725 271.72 0.0290444
  16 0.775 268.74 -0.00751313
  17 0.825 274 -0.0115563
  18 0.875 272 -0.00802603
  19 0.925 265.74 -0.0153138
  20 0.975 259.56 -0.0438536
153000 20 5323.999999999999
  1 0.025 269.06 -0.00438419
  2 0.075 266.02 -0.0823815
  3 0.125 261.86 -0.0394601
  4 0.175 261.8 -0.00632346
  5 0.225 258.06 0.0301085
  6 0.275 258.38 0.000117897
  7 0.325 259.96 0.0166506
  8 0.375 260.74 0.0268693
  9 0.425 266.26 0.0327965
  10 0.475 270.12 0.0673359
  11 0.525 268.42 0.0416884
  12 0.575 269.9 0.0410575
  13 0.625 269.14 0.0127735
  14 0.675 269.26 0.0645362
  15 0.725 267.64 0.0172019
  16 0.775 266.88 0.00622501
  17 0.825 270.34 -0.032068
  18 0.875 271.86 -0.0234423
  19 0.925 268.4 -0.0520613
  20 0.975 269.9 -0.00563118
154000 20 5324
  1 0.025 262.44 -0.119583
  2 0.075 263.58 -0.0880985
  3 0.125 266.46 -0.0530965
  4 0.175 267.42 -0.0474692
  5 0.225 264.64 0.0190303
  6 0.275 264.6 0.0123063
  7 0.325 260.24 0.00987147
  8 0.375 260.54 0.0576083
  9 0.425 265.1 0.0914198
  10 0.475 265.02 0.0971218
  11 0.525 270.52 0.0951596
  12 0.575 270.3 0.0681474
  13 0.625 269.76 0.0329437
  14 0.675 267.9 0.0363787
  15 0.725 267.46 0.0357502
  16 0.775 268.92 -0.00730585
  17 0.825 268.64 -0.0184918
  18 0.875 270.38 -0.0272725
  19 0.925 264.72 -0.0181322
  20 0.975 265.36 -0.0673079
155000 20 5324
  1 0.025 261.98 -0.0794707
  2 0.075 261.58 -0.0921689
  3 0.125 269.62 -0.0821366
  4 0.175 265.48 -0.0602757
  5 0.225 266.12 -0.0259348
  6 0.275 258.92 -0.0271453
  7 0.325 266.44 0.0375479
  8 0.375 261.44 0.0409973
  9 0.425 265.18 0.0359755
  10 0.475 266.22 0.0664869
  11 0.525 262.52 0.137326
  12 0.575 268.44 0.150027
  13 0.625 273.46 0.094065
  14 0.675 272.44 0.068727
  15 0.725 270.36 0.0419601
  16 0.775 269.62 0.00488468
  17 0.825 270.62 0.00238543
  18 0.875 267.64 -0.0510382
  19 0.925 263.58 -0.0896162
  20 0.975 262.34 -0.0684749
156000 20 5323.999999999999
  1 0.025 262.84 -0.0758248
  2 0.075 263.7 -0.0481747
  3 0.125 267.52 -0.014473
  4 0.175 266.16 -0.0510746
  5 0.225 264.48 -0.0298457
  6 0.275 267.86 0.00195406
  7 0.325 265.08 0.0142802
  8 0.375 261.1 0.0204994
  9 0.425 268.58 0.074403
  10 0.475 271.28 0.052726
  11 0.525 272.12 0.0788511
  12 0.575 268.9 0.0937657
  13 0.625 266.42 0.0919661
  14 0.675 269.44 0.0773705
  15 0.725 267.54 0.0713129
  16 0.775 264.78 0.0201603
  17 0.825 261.76 -0.0464407
  18 0.875 266.9 -0.0661952
  19 0.925 262.84 -0.071878
  20 0.975 264.7 -0.090238
157000 20 5324.000000000001
  1 0.025 265 -0.0580687
  2 0.075 266.92 -0.0746118
  3 0.125 265 -0.0949
  4 0.175 262.5 -0.0163195
  5 0.225 263.32 -0.0013707
  6 0.275 270.1 0.0143747
  7 0.325 271.62 0.0288793
  8 0.375 271.52 0.0237352
  9 0.425 269 0.0328746
  10 0.475 266.1 0.0796282
  11 0.525 268.84 0.0845416
  12 0.575 265.72 0.127263
  13 0.625 268.96 0.130043
  14 0.675 270.94 0.0730048
  15 0.725 266.72 0.0233375
  16 0.775 259.58 -0.0410626
  17 0.825 261.88 -0.0579845
  18 0.875 262.96 -0.0413959
  19 0.925 262.52 -0.0526966
  20 0.975 264.8 -0.0765866
158000 20 5323.999999999999
  1 0.025 269.44 -0.067765
  2 0.075 262.66 -0.0534253
  3 0.125 262.48 -0.064193
  4 0.175 266.7 -0.0305781
  5 0.225 265.4 -0.0181476
  6 0.275 272.26 0.0387743
  7 0.325 270.54 0.043401
  8 0.375 264.54 0.0580251
  9 0.425 265.92 0.063227
  10 0.475 267.4 0.0688358
  11 0.525 268.68 0.0817639
  12 0.575 266.12 0.0361795
  13 0.625 265.48 0.0333845
  14 0.675 264.88 0.025657
  15 0.725 265.02 0.037603
  16 0.775 269.64 -0.00656163
  17 0.825 264.82 0.0149194
  18 0.875 260.86 -0.0234872
  19 0.925 261.24 -0.0426069
  20 0.975 269.92 -0.0856273
159000 20 5324
  1 0.025 267.6 -0.0845141
  2 0.075 266.4 -0.0578199
  3 0.125 266.6 -0.0368036
  4 0.175 266.8 -0.0232964
  5 0.225 267.78 -0.0192857
  6 0.275 262 -0.0487372
  7 0.325 264.64 -0.0045241
  8 0.375 267.2 0.0565111
  9 0.425 265.6 0.0622265
  10 0.475 269.16 0.0663083
  11 0.525 269 0.0974314
  12 0.575 271.5 0.104084
  13 0.625 267.18 0.0877004
  14 0.675 265.74 0.0839147
  15 0.725 266.86 0.0717808
  16 0.775 264.88 0.0359699
  17 0.825 261.18 -0.043365
  18 0.875 265.62 -0.0760407
  19 0.925 264.64 -0.0612423
  20 0.975 263.62 -0.104923
160000 20 5324
  1 0.025 270.5 -0.0741711
  2 0.075 268 -0.0835373
  3 0.125 265.58 -0.0695805
  4 0.175 265.94 -0.0440495
  5 0.225 263.9 -0.0240635
  6 0.275 266.74 -0.0144392
  7 0.325 267.02 0.0112108
  8 0.375 263.18 0.058391
  9 0.425 267.72 0.095547
  10 0.475 267.12 0.0601446
  11 0.525 267.3 0.0714966
  12 0.575 264.56 0.0773798
  13 0.625 263.3 0.0870018
  14 0.675 264 0.0595119
  15 0.725 268.22 0.0544625
  16 0.775 265.84 0.0126705
  17 0.825 269.2 -0.0525688
  18 0.875 264.18 -0.0607129
  19 0.925 264.12 -0.0224182
  20 0.975 267.58 -0.0277926
161000 20 5324.000000000001
  1 0.025 266.58 -0.0517677
  2 0.075 271.48 -0.0984741
  3 0.125 266.06 -0.0879773
  4 0.175 265.12 -0.0398298
  5 0.225 269.46 -0.00204998
  6 0.275 268.6 0.0428579
  7 0.325 267.4 0.068166
  8 0.375 266.4 0.0618296
  9 0.425 262.36 0.0281839
  10 0.475 264.88 0.0177914
  11 0.525 266.02 0.0838838
  12 0.575 264.58 0.0422024
  13 0.625 266.94 0.0345006
  14 0.675 263.44 -0.00593307
  15 0.725 268.58 0.00849031
  16 0.775 267.12 0.0293278
  17 0.825 261.9 0.0313713
  18 0.875 263.18 -0.0176935
  19 0.925 269.18 -0.00698808
  20 0.975 264.72 -0.0241601
162000 20 5324.000000000001
  1 0.025 267.12 -0.0875802
  2 0.075 264.28 -0.0880214
  3 0.125 265.02 -0.0329643
  4 0.175 265.56 -0.0328646
  5 0.225 265.3 0.0332394
  6 0.275 267.8 0.048151
  7 0.325 266.06 0.0467246
  8 0.375 269.52 0.0217349
  9 0.425 266.38 -0.0208655
  10 0.475 266.22 0.00830604
  11 0.525 267.76 0.0659465
  12 0.575 265.32 0.088092
  13 0.625 268.66 0.0309087
  14 0.675 268.8 0.0199045
  15 0.725 269.56 0.0258817
  16 0.775 268.42 0.0171733
  17 0.825 260.96 0.0196174
  18 0.875 261.1 0.022794
  19 0.925 261.84 -0.0254224
  20 0.975 268.32 -0.0500595
163000 20 5324
  1 0.025 265.72 -0.016678
  2 0.075 264.18 -0.0350328
  3 0.125 263.18 -0.0128868
  4 0.175 269.34 -0.0125089
  5 0.225 269.48 -0.00495977
  6 0.275 270.58 -0.0115684
  7 0.325 268.82 0.0175555
  8 0.375 268.9 0.000665661
  9 0.425 263.28 0.0263291
  10 0.475 261.8 0.0371409
  11 0.525 261.9 0.0941455
  12 0.575 259.64 0.0583529
  13 0.625 265.02 0.0295522
  14 0.675 267.24 0.0252381
  15 0.725 274.98 0.00657965
  16 0.775 270.06 0.0193686
  17 0.825 264.26 -0.0134383
  18 0.875 262.18 -0.038265
  19 0.925 264.36 -0.0275442
  20 0.975 269.08 -0.0275372
164000 20 5324
  1 0.025 265.8 -0.0553184
  2 0.075 268.06 -0.0304738
  3 0.125 269.94 0.0279328
  4 0.175 267.8 0.0113605
  5 0.225 267.3 -1.08804e-05
  6 0.275 261.18 -0.0212562
  7 0.325 257.48 0.00791264
  8 0.375 261.72 -0.0038961
  9 0.425 266.42 0.0245734
  10 0.475 267.38 0.0558737
  11 0.525 270.1 0.0380129
  12 0.575 275.56 0.069202
  13 0.625 268.26 0.0406593
  14 0.675 263.76 0.0591424
  15 0.725 265.6 0.0389581
  16 0.775 267.18 0.00737953
  17 0.825 265.4 -0.00844328
  18 0.875 265.72 -0.0364127
  19 0.925 264.02 -0.0572397
  20 0.975 265.32 -0.0603198
165000 20 5324
  1 0.025 267.66 -0.0627345
  2 0.075 264.6 -0.0483536
  3 0.125 262.52 -0.0531762
  4 0.175 264.06 0.0105993
  5 0.225 268.04 0.0327202
  6 0.275 264.24 0.00884072
  7 0.325 259.6 0.0325331
  8 0.375 265.82 0.0252451
  9 0.425 267.6 0.0862568
  10 0.475 270.94 0.10327
  11 0.525 270.3 0.0983466
  12 0.575 268.36 0.0765442
  13 0.625 262.96 0.0451781
  14 0.675 259.68 0.0235706
  15 0.725 260.08 0.00413217
  16 0.775 266.2 -0.0212481
  17 0.825 267.6 -0.0617757
  18 0.875 273.62 -0.0622258
  19 0.925 273.34 -0.0598385
  20 0.975 266.78 -0.0652948
166000 20 5324
  1 0.025 259.42 -0.0954622
  2 0.075 269.02 -0.0687698
  3 0.125 263.8 -0.0468054
  4 0.175 262.74 -0.0345287
  5 0.225 262.28 -0.0195179
  6 0.275 266.4 0.0234123
  7 0.325 264.16 0.02076
  8 0.375 264.74 0.0323292
  9 0.425 264.14 0.047561
  10 0.475 267.9 0.0623999
  11 0.525 265.74 0.0752873
  12 0.575 273.88 0.0624691
  13 0.625 270.08 0.0676636
  14 0.675 271.14 0.0329389
  15 0.725 267.4 0.0280872
  16 0.775 267.38 0.0255575
  17 0.825 269.24 0.0225472
  18 0.875 266.82 -0.0193942
  19 0.925 265.26 -0.0329453
  20 0.975 262.46 -0.0792097
167000 20 5324
  1 0.025 262.78 -0.0955386
  2 0.075 264.54 -0.0469748
  3 0.125 261.16 -0.0386721
  4 0.175 264.06 -0.0353623
  5 0.225 259.9 -0.0530191
  6 0.275 260.82 0.00426364
  7 0.325 262.08 0.00418989
  8 0.375 262.06 0.0345736
  9 0.425 265.44 0.0271632
  10 0.475 267.46 0.065088
  11 0.525 267.42 0.0469566
  12 0.575 268.02 0.0776361
  13 0.625 275.68 0.0718724
  14 0.675 269 0.0346822
  15 0.725 267.5 0.0178189
  16 0.775 272.18 -0.000862644
  17 0.825 268.44 -0.00303962
  18 0.875 271.42 0.0113056
  19 0.925 271.9 0.0104
  20 0.975 262.14 -0.0285022
168000 20 5324.000000000001
  1 0.025 264.36 -0.0744802
  2 0.075 257.36 -0.0594488
  3 0.125 258.6 -0.0109989
  4 0.175 261.64 -0.0443383
  5 0.225 265.7 -0.00192531
  6 0.275 264.42 -0.000551724
  7 0.325 262.18 0.0355126
  8 0.375 264.02 0.0162233
  9 0.425 264.24 0.0309101
  10 0.475 264.84 0.000287592
  11 0.525 265.72 0.0429883
  12 0.575 268.96 0.04654
  13 0.625 270.6 0.0532624
  14 0.675 272.34 0.0740031
  15 0.725 270.04 0.0415204
  16 0.775 271.22 -0.00384928
  17 0.825 271.28 0.0236708
  18 0.875 271.6 -0.030873
  19 0.925 270.42 -0.00764584
  20 0.975 264.46 -0.0249613
169000 20 5323.999999999999
  1 0.025 267.4 -0.0563146
  2 0.075 268.78 -0.077431
  3 0.125 265.76 -0.0456654
  4 0.175 259.32 -0.0316323
  5 0.225 264.24 -0.0287934
  6 0.275 262.28 0.0118429
  7 0.325 264.56 0.00326816
  8 0.375 267.6 0.0303522
  9 0.425 266.3 0.0271934
  10 0.475 265.96 0.0408023
  11 0.525 269.06 0.0849454
  12 0.575 267.78 0.083154
  13 0.625 263.76 0.0433477
  14 0.675 264.62 0.0311597
  15 0.725 271.1 0.0160154
  16 0.775 266.7 0.0295812
  17 0.825 265.7 0.0286755
  18 0.875 265.4 -0.0391483
  19 0.925 269.28 -0.0122249
  20 0.975 268.4 -0.0281279
170000 20 5323.999999999999
  1 0.025 261.98 -0.0107397
  2 0.075 263.72 -0.0366688
  3 0.125 261.92 -0.0308576
  4 0.175 270.12 -0.06251
  5 0.225 262.88 -0.0334424
  6 0.275 264.78 -0.00707039
  7 0.325 264.46 0.00225558
  8 0.375 263.36 -0.00510829
  9 0.425 268.66 0.0224796
  10 0.475 267.44 0.0543944
  11 0.525 271.92 0.0876153
  12 0.575 267.46 0.0805757
  13 0.625 269.76 0.0579365
  14 0.675 266.52 0.0463566
  15 0.725 262.9 0.0179576
  16 0.775 261.52 0.0101926
  17 0.825 266.92 0.00854073
  18 0.875 268.86 -0.00780016
  19 0.925 268.9 -0.0450236
  20 0.975 269.92 -0.0398477
