# Time-averaged data for fix msd_output
# TimeStep Number-of-rows
# Row c_msd_all
0 4
1 0
2 0
3 0
4 0
100 4
1 0.562001
2 0.571066
3 0.569967
4 1.70303
200 4
1 1.27239
2 1.25681
3 1.26884
4 3.79805
300 4
1 1.9241
2 1.98403
3 1.95465
4 5.86278
400 4
1 2.6086
2 2.71757
3 2.62989
4 7.95606
500 4
1 3.29258
2 3.38193
3 3.41277
4 10.0873
600 4
1 4.05489
2 4.01717
3 4.16252
4 12.2346
700 4
1 4.79844
2 4.73427
3 4.8799
4 14.4126
800 4
1 5.42353
2 5.41227
3 5.48119
4 16.317
900 4
1 6.09899
2 6.05498
3 6.09666
4 18.2506
1000 4
1 6.87471
2 6.77191
3 6.81033
4 20.457
1100 4
1 7.49958
2 7.4827
3 7.52968
4 22.512
1200 4
1 8.23622
2 8.22664
3 8.33011
4 24.793
1300 4
1 8.90374
2 8.89724
3 9.13929
4 26.9403
1400 4
1 9.66997
2 9.66055
3 9.8671
4 29.1976
1500 4
1 10.3214
2 10.4556
3 10.5552
4 31.3322
1600 4
1 10.9584
2 11.1297
3 11.1502
4 33.2382
1700 4
1 11.5791
2 11.8404
3 11.7183
4 35.1378
1800 4
1 12.2392
2 12.6972
3 12.3117
4 37.2481
1900 4
1 12.7854
2 13.4353
3 12.9189
4 39.1396
2000 4
1 13.4925
2 14.0197
3 13.6858
4 41.198
2100 4
1 14.1961
2 14.8124
3 14.4043
4 43.4128
2200 4
1 14.97
2 15.4614
3 15.1764
4 45.6077
2300 4
1 15.7006
2 15.9482
3 15.9843
4 47.6331
2400 4
1 16.5057
2 16.6109
3 16.6698
4 49.7863
2500 4
1 17.365
2 17.1294
3 17.3166
4 51.811
2600 4
1 18.003
2 17.6572
3 18.0133
4 53.6735
2700 4
1 18.5262
2 18.3509
3 18.5108
4 55.3879
2800 4
1 19.233
2 19.0854
3 19.1482
4 57.4666
2900 4
1 19.8499
2 19.9605
3 19.77
4 59.5804
3000 4
1 20.5149
2 20.8793
3 20.5074
4 61.9016
3100 4
1 21.1305
2 21.5955
3 21.1538
4 63.8797
3200 4
1 21.94
2 22.3524
3 21.8727
4 66.1651
3300 4
1 22.5104
2 23.1155
3 22.4818
4 68.1077
3400 4
1 23.2882
2 23.7712
3 23.2544
4 70.3138
3500 4
1 24.0778
2 24.5464
3 24.1099
4 72.7341
3600 4
1 24.8727
2 25.2469
3 24.8341
4 74.9537
3700 4
1 25.5802
2 26.0028
3 25.526
4 77.1091
3800 4
1 26.3655
2 26.6289
3 26.1954
4 79.1897
3900 4
1 27.1485
2 27.4406
3 26.8453
4 81.4344
4000 4
1 27.8224
2 28.0685
3 27.4613
4 83.3522
4100 4
1 28.7735
2 28.4011
3 28.0722
4 85.2468
4200 4
1 29.4578
2 28.9545
3 28.966
4 87.3783
4300 4
1 29.9829
2 29.5878
3 29.5971
4 89.1677
4400 4
1 30.5558
2 30.3522
3 30.2119
4 91.1199
4500 4
1 31.3486
2 31.0336
3 30.6898
4 93.072
4600 4
1 32.3439
2 31.718
3 31.3391
4 95.401
4700 4
1 32.9567
2 32.388
3 31.9946
4 97.3393
4800 4
1 33.6551
2 32.8904
3 32.5771
4 99.1225
4900 4
1 34.4542
2 33.6845
3 33.1294
4 101.268
5000 4
1 35.068
2 34.5489
3 33.8015
4 103.418
5100 4
1 35.7061
2 35.2493
3 34.4057
4 105.361
5200 4
1 36.4044
2 36.074
3 35.0671
4 107.545
5300 4
1 37.2003
2 36.6481
3 35.6816
4 109.53
5400 4
1 37.7668
2 37.2481
3 36.4034
4 111.418
5500 4
1 38.4789
2 37.9199
3 37.2729
4 113.672
5600 4
1 39.0132
2 38.5102
3 38.0182
4 115.542
5700 4
1 39.6033
2 39.1721
3 38.7111
4 117.486
5800 4
1 40.3732
2 39.7055
3 39.4737
4 119.552
5900 4
1 41.0902
2 40.4224
3 40.1686
4 121.681
6000 4
1 41.8433
2 41.2463
3 40.8354
4 123.925
6100 4
1 42.3815
2 41.9587
3 41.4015
4 125.742
6200 4
1 43.0245
2 42.6947
3 41.9602
4 127.679
6300 4
1 43.8527
2 43.4945
3 42.4341
4 129.781
6400 4
1 44.787
2 44.0755
3 43.0802
4 131.943
6500 4
1 45.702
2 44.8957
3 43.8422
4 134.44
6600 4
1 46.5597
2 45.6204
3 44.6053
4 136.785
6700 4
1 47.1533
2 46.1992
3 45.3768
4 138.729
6800 4
1 47.7812
2 46.7144
3 45.9954
4 140.491
6900 4
1 48.3873
2 47.5074
3 46.7026
4 142.597
7000 4
1 48.8966
2 48.1696
3 47.3525
4 144.419
7100 4
1 49.4451
2 48.6195
3 48.1162
4 146.181
7200 4
1 50.1697
2 49.3077
3 49.0432
4 148.521
7300 4
1 50.8048
2 50.1289
3 49.8651
4 150.799
7400 4
1 51.4243
2 50.5474
3 50.6936
4 152.665
7500 4
1 52.0347
2 50.9401
3 51.141
4 154.116
7600 4
1 52.8734
2 51.5626
3 51.8469
4 156.283
7700 4
1 53.6773
2 52.239
3 52.8005
4 158.717
7800 4
1 54.1334
2 52.7358
3 53.427
4 160.296
7900 4
1 54.9233
2 53.3022
3 53.9661
4 162.192
8000 4
1 56.0265
2 53.8969
3 54.7425
4 164.666
8100 4
1 56.5973
2 54.7942
3 55.2331
4 166.625
8200 4
1 57.4408
2 55.5056
3 55.7234
4 168.67
8300 4
1 58.2271
2 56.2434
3 56.5256
4 170.996
8400 4
1 59.2369
2 56.9702
3 57.0859
4 173.293
8500 4
1 59.9279
2 57.7035
3 57.9735
4 175.605
8600 4
1 60.6898
2 58.3834
3 58.6567
4 177.73
8700 4
1 61.4139
2 58.9833
3 59.5145
4 179.912
8800 4
1 62.3015
2 59.5276
3 60.4943
4 182.323
8900 4
1 63.0449
2 60.1305
3 61.1931
4 184.369
9000 4
1 64.0218
2 60.894
3 62.0072
4 186.923
9100 4
1 64.8747
2 61.4901
3 62.4862
4 188.851
9200 4
1 65.5799
2 62.274
3 63.4162
4 191.27
9300 4
1 66.1288
2 63.0375
3 64.5288
4 193.695
9400 4
1 66.6201
2 63.6342
3 65.1523
4 195.407
9500 4
1 67.1875
2 64.75
3 65.8412
4 197.779
9600 4
1 67.8286
2 65.3938
3 66.6674
4 199.89
9700 4
1 68.3807
2 66.094
3 67.4969
4 201.972
9800 4
1 69.4434
2 66.6131
3 68.4506
4 204.507
9900 4
1 70.1114
2 67.4836
3 69.075
4 206.67
10000 4
1 70.709
2 68.0573
3 69.8243
4 208.591
10100 4
1 71.3721
2 68.7564
3 70.5403
4 210.669
10200 4
1 71.8617
2 69.3448
3 71.252
4 212.459
10300 4
1 72.5772
2 70.0901
3 71.9202
4 214.587
10400 4
1 73.5004
2 70.7937
3 72.7464
4 217.04
10500 4
1 74.2874
2 71.5917
3 73.3656
4 219.245
10600 4
1 75.1545
2 72.1078
3 74.1301
4 221.392
10700 4
1 75.7736
2 72.8485
3 74.9304
4 223.553
10800 4
1 76.47
2 73.6064
3 75.8832
4 225.96
10900 4
1 77.2769
2 74.3476
3 76.5709
4 228.195
11000 4
1 77.9075
2 75.1753
3 77.2541
4 230.337
11100 4
1 78.328
2 75.5006
3 77.9304
4 231.759
11200 4
1 79.0562
2 76.3549
3 78.8822
4 234.293
11300 4
1 79.5148
2 76.9854
3 79.7489
4 236.249
11400 4
1 80.0486
2 77.8536
3 80.4693
4 238.371
11500 4
1 80.9898
2 78.4043
3 81.2786
4 240.673
11600 4
1 81.6174
2 79.0413
3 81.8721
4 242.531
11700 4
1 82.1814
2 79.6887
3 82.8375
4 244.708
11800 4
1 83.0891
2 80.1001
3 83.6532
4 246.842
11900 4
1 83.498
2 80.8077
3 84.3527
4 248.658
12000 4
1 84.1555
2 81.6739
3 84.9504
4 250.78
12100 4
1 84.5291
2 82.7929
3 85.6453
4 252.967
12200 4
1 84.9832
2 83.7871
3 86.1046
4 254.875
12300 4
1 85.7066
2 84.5146
3 86.7952
4 257.016
12400 4
1 86.2924
2 85.3334
3 87.6024
4 259.228
12500 4
1 87.2388
2 85.9473
3 88.4773
4 261.663
12600 4
1 87.931
2 86.4459
3 89.0527
4 263.43
12700 4
1 88.5082
2 86.8987
3 89.8638
4 265.271
12800 4
1 89.2834
2 87.4438
3 90.4203
4 267.147
12900 4
1 89.9187
2 88.1621
3 90.8929
4 268.974
13000 4
1 90.6948
2 88.6826
3 91.7851
4 271.162
13100 4
1 91.5415
2 89.2387
3 92.5715
4 273.352
13200 4
1 92.5979
2 89.8061
3 93.323
4 275.727
13300 4
1 92.9719
2 90.6544
3 93.8295
4 277.456
13400 4
1 93.827
2 91.4231
3 94.0036
4 279.254
13500 4
1 94.6116
2 92.2707
3 94.5031
4 281.385
13600 4
1 95.4564
2 92.8124
3 95.1907
4 283.46
13700 4
1 95.9714
2 93.3582
3 95.8027
4 285.132
13800 4
1 96.552
2 93.959
3 96.1459
4 286.657
13900 4
1 97.6164
2 94.4883
3 96.9204
4 289.025
14000 4
1 98.6189
2 95.1573
3 97.7277
4 291.504
14100 4
1 98.9602
2 96.021
3 98.0949
4 293.076
14200 4
1 99.5455
2 96.5338
3 98.6792
4 294.759
14300 4
1 100.428
2 96.8833
3 99.3272
4 296.639
14400 4
1 101.178
2 97.5027
3 100.143
4 298.824
14500 4
1 101.994
2 98.2597
3 100.842
4 301.096
14600 4
1 102.771
2 99.0468
3 101.815
4 303.633
14700 4
1 103.202
2 99.8023
3 102.696
4 305.7
14800 4
1 104.219
2 100.668
3 103.261
4 308.148
14900 4
1 104.712
2 101.304
3 103.626
4 309.642
15000 4
1 105.54
2 101.985
3 104.495
4 312.02
15100 4
1 106.25
2 102.789
3 105.313
4 314.351
15200 4
1 107.019
2 103.774
3 106.181
4 316.973
15300 4
1 108.038
2 104.978
3 106.873
4 319.889
15400 4
1 109.059
2 105.724
3 107.603
4 322.386
15500 4
1 109.645
2 106.508
3 108.226
4 324.379
15600 4
1 110.158
2 106.962
3 109.171
4 326.292
15700 4
1 110.648
2 107.452
3 110.216
4 328.315
15800 4
1 111.458
2 108.39
3 110.963
4 330.811
15900 4
1 112.026
2 109.217
3 111.405
4 332.649
16000 4
1 112.791
2 110.116
3 111.85
4 334.757
16100 4
1 113.479
2 111.27
3 112.527
4 337.276
16200 4
1 113.727
2 112.151
3 112.825
4 338.702
16300 4
1 114.238
2 113.332
3 113.191
4 340.761
16400 4
1 114.725
2 114.138
3 113.933
4 342.796
16500 4
1 115.529
2 114.885
3 114.412
4 344.827
16600 4
1 116.309
2 116.161
3 114.622
4 347.092
16700 4
1 117.019
2 116.922
3 115.069
4 349.01
16800 4
1 118.02
2 117.574
3 115.775
4 351.369
16900 4
1 118.483
2 118.44
3 116.269
4 353.193
17000 4
1 119.207
2 118.939
3 117.109
4 355.256
17100 4
1 120.312
2 120.021
3 117.717
4 358.05
17200 4
1 120.824
2 120.834
3 118.153
4 359.811
17300 4
1 121.98
2 121.8
3 119.011
4 362.791
17400 4
1 122.802
2 122.38
3 119.493
4 364.675
17500 4
1 123.195
2 122.718
3 120.314
4 366.228
17600 4
1 124.217
2 123.46
3 121.057
4 368.734
17700 4
1 125.024
2 123.934
3 121.783
4 370.741
17800 4
1 125.316
2 125.01
3 122.636
4 372.962
17900 4
1 126.037
2 125.64
3 123.167
4 374.843
18000 4
1 126.614
2 126.335
3 123.766
4 376.715
18100 4
1 127.422
2 127.101
3 124.255
4 378.777
18200 4
1 128.224
2 127.629
3 125.3
4 381.153
18300 4
1 129.19
2 128.335
3 126.107
4 383.632
18400 4
1 129.898
2 129.2
3 126.615
4 385.713
18500 4
1 130.949
2 130.144
3 127.372
4 388.464
18600 4
1 131.864
2 130.72
3 128.054
4 390.638
18700 4
1 132.485
2 131.453
3 128.257
4 392.195
18800 4
1 133.001
2 131.869
3 129.011
4 393.882
18900 4
1 133.487
2 132.539
3 129.837
4 395.863
19000 4
1 134.345
2 133.127
3 130.843
4 398.316
19100 4
1 135.036
2 133.755
3 131.565
4 400.356
19200 4
1 135.768
2 134.528
3 131.995
4 402.291
19300 4
1 136.203
2 135.679
3 132.65
4 404.533
19400 4
1 136.848
2 136.464
3 133.272
4 406.583
19500 4
1 137.689
2 137.247
3 134.197
4 409.133
19600 4
1 138.981
2 137.806
3 135.34
4 412.128
19700 4
1 139.674
2 138.382
3 136.203
4 414.258
19800 4
1 140.916
2 139.102
3 136.971
4 416.989
19900 4
1 142.048
2 139.594
3 137.868
4 419.51
20000 4
1 143.022
2 140.588
3 138.517
4 422.128
20100 4
1 143.498
2 141.366
3 139.381
4 424.245
20200 4
1 144.329
2 142.254
3 140.278
4 426.861
20300 4
1 145.164
2 143.062
3 141.073
4 429.299
20400 4
1 146.014
2 143.441
3 142.016
4 431.471
20500 4
1 146.294
2 144.31
3 142.744
4 433.348
20600 4
1 147.591
2 144.596
3 143.476
4 435.664
20700 4
1 148.355
2 145.267
3 144.39
4 438.011
20800 4
1 149.348
2 145.586
3 145.358
4 440.292
20900 4
1 149.75
2 146.16
3 146.43
4 442.34
21000 4
1 150.392
2 146.747
3 147.329
4 444.468
21100 4
1 151.023
2 147.054
3 148.257
4 446.335
21200 4
1 151.635
2 148.2
3 148.822
4 448.657
21300 4
1 152.353
2 148.769
3 149.686
4 450.809
21400 4
1 152.808
2 149.428
3 150.68
4 452.916
21500 4
1 153.392
2 150.071
3 151.148
4 454.611
21600 4
1 154.262
2 150.998
3 151.781
4 457.041
21700 4
1 154.894
2 151.472
3 152.426
4 458.791
21800 4
1 155.509
2 152.136
3 152.924
4 460.569
21900 4
1 156.019
2 152.797
3 153.411
4 462.227
22000 4
1 156.704
2 153.341
3 154.35
4 464.394
22100 4
1 157.638
2 154.34
3 155.005
4 466.983
22200 4
1 158.222
2 154.932
3 155.455
4 468.609
22300 4
1 158.705
2 155.342
3 155.947
4 469.994
22400 4
1 159.724
2 156.324
3 156.868
4 472.916
22500 4
1 160.221
2 157.135
3 157.267
4 474.623
22600 4
1 161.151
2 157.677
3 157.886
4 476.713
22700 4
1 162.04
2 157.956
3 158.038
4 478.034
22800 4
1 162.764
2 158.815
3 158.535
4 480.114
22900 4
1 162.776
2 159.67
3 159.07
4 481.516
23000 4
1 163.653
2 160.592
3 159.958
4 484.203
23100 4
1 164.568
2 161.428
3 160.656
4 486.652
23200 4
1 164.874
2 162.168
3 160.966
4 488.008
23300 4
1 165.714
2 163.174
3 161.476
4 490.364
23400 4
1 166.437
2 163.984
3 162.651
4 493.072
23500 4
1 167.153
2 164.401
3 163.042
4 494.596
23600 4
1 167.692
2 164.901
3 163.493
4 496.086
23700 4
1 168.387
2 165.717
3 164.041
4 498.145
23800 4
1 168.786
2 166.323
3 164.87
4 499.978
23900 4
1 169.384
2 166.966
3 164.836
4 501.185
24000 4
1 170.481
2 167.563
3 165.337
4 503.381
24100 4
1 170.799
2 167.923
3 166.202
4 504.925
24200 4
1 171.555
2 168.714
3 167.244
4 507.513
24300 4
1 172.216
2 169.515
3 167.849
4 509.58
24400 4
1 172.81
2 169.811
3 168.826
4 511.447
24500 4
1 173.38
2 170.631
3 169.901
4 513.912
24600 4
1 174.559
2 171.521
3 170.618
4 516.698
24700 4
1 175.396
2 171.929
3 171.372
4 518.697
24800 4
1 176.069
2 172.606
3 172.126
4 520.8
24900 4
1 176.384
2 173.561
3 173.078
4 523.022
25000 4
1 176.999
2 174.864
3 173.764
4 525.627
25100 4
1 177.53
2 175.361
3 174.146
4 527.037
25200 4
1 177.87
2 176.199
3 174.893
4 528.963
25300 4
1 178.456
2 176.962
3 175.348
4 530.766
25400 4
1 178.682
2 177.303
3 175.637
4 531.622
25500 4
1 179.781
2 178.044
3 176.404
4 534.229
25600 4
1 180.627
2 178.132
3 176.839
4 535.598
25700 4
1 181.402
2 178.776
3 177.315
4 537.494
25800 4
1 181.689
2 179.581
3 178.266
4 539.536
25900 4
1 182.343
2 179.679
3 179.446
4 541.468
26000 4
1 183.072
2 180.459
3 180.025
4 543.556
26100 4
1 183.481
2 181.551
3 180.558
4 545.591
26200 4
1 184.225
2 182.711
3 181.307
4 548.242
26300 4
1 185.144
2 183.666
3 181.479
4 550.289
26400 4
1 186.503
2 184.223
3 182.24
4 552.967
26500 4
1 187.116
2 185.097
3 183.203
4 555.415
26600 4
1 187.822
2 186.33
3 183.529
4 557.681
26700 4
1 188.288
2 187.345
3 184.026
4 559.658
26800 4
1 188.544
2 188.481
3 184.629
4 561.654
26900 4
1 188.36
2 189.676
3 185.172
4 563.208
27000 4
1 188.76
2 190.427
3 185.99
4 565.176
27100 4
1 189.082
2 191.362
3 186.511
4 566.955
27200 4
1 189.92
2 192.043
3 186.984
4 568.947
27300 4
1 191.188
2 192.554
3 187.612
4 571.354
27400 4
1 192.616
2 193.272
3 187.872
4 573.76
27500 4
1 193.471
2 193.827
3 188.865
4 576.164
27600 4
1 193.85
2 194.906
3 189.703
4 578.459
27700 4
1 194.782
2 195.762
3 190.628
4 581.172
27800 4
1 195.042
2 196.554
3 191.362
4 582.957
27900 4
1 195.604
2 196.996
3 191.949
4 584.548
28000 4
1 196.544
2 197.363
3 193.064
4 586.971
28100 4
1 197.693
2 197.642
3 193.862
4 589.197
28200 4
1 198.477
2 198.394
3 194.756
4 591.627
28300 4
1 198.684
2 199.024
3 195.049
4 592.757
28400 4
1 199.201
2 199.966
3 195.463
4 594.631
28500 4
1 199.977
2 200.965
3 196.211
4 597.154
28600 4
1 201.056
2 201.536
3 196.537
4 599.129
28700 4
1 202.266
2 202.108
3 196.677
4 601.051
28800 4
1 203.096
2 202.335
3 197.029
4 602.46
28900 4
1 204.249
2 203.103
3 197.606
4 604.957
29000 4
1 205.802
2 203.498
3 198.6
4 607.9
29100 4
1 206.847
2 204.328
3 198.855
4 610.031
29200 4
1 207.414
2 204.929
3 199.736
4 612.079
29300 4
1 208.516
2 205.749
3 200.536
4 614.8
29400 4
1 209.355
2 206.702
3 201.13
4 617.187
29500 4
1 209.23
2 208.025
3 202.113
4 619.368
29600 4
1 209.866
2 208.939
3 203.33
4 622.135
29700 4
1 211.081
2 210.259
3 204.172
4 625.512
29800 4
1 211.477
2 211.336
3 204.929
4 627.742
29900 4
1 212.357
2 211.847
3 205.421
4 629.624
30000 4
1 212.679
2 212.139
3 205.781
4 630.6
30100 4
1 213.003
2 212.71
3 206.342
4 632.056
30200 4
1 213.482
2 213.171
3 206.917
4 633.57
30300 4
1 214.432
2 213.646
3 207.634
4 635.711
30400 4
1 215.266
2 214.29
3 208.362
4 637.917
30500 4
1 215.823
2 214.994
3 208.933
4 639.751
30600 4
1 216.56
2 216.445
3 209.98
4 642.985
30700 4
1 217.81
2 217.479
3 210.521
4 645.81
30800 4
1 218.427
2 218.329
3 211.552
4 648.308
30900 4
1 219.246
2 219.034
3 212.195
4 650.476
31000 4
1 220.155
2 219.92
3 212.733
4 652.809
31100 4
1 220.411
2 220.278
3 213.435
4 654.124
31200 4
1 221.521
2 221.085
3 214.353
4 656.959
31300 4
1 222.353
2 221.832
3 215.333
4 659.519
31400 4
1 222.473
2 222.724
3 216.272
4 661.468
31500 4
1 223.029
2 223.796
3 217.354
4 664.179
31600 4
1 223.988
2 224.238
3 218.339
4 666.565
31700 4
1 224.948
2 224.756
3 218.605
4 668.309
31800 4
1 225.404
2 224.778
3 218.764
4 668.946
31900 4
1 225.739
2 225.103
3 220.039
4 670.881
32000 4
1 226.729
2 225.807
3 220.951
4 673.487
32100 4
1 227.168
2 226.742
3 221.669
4 675.579
32200 4
1 227.617
2 227.549
3 221.913
4 677.079
32300 4
1 228.023
2 228.223
3 222.927
4 679.172
32400 4
1 228.653
2 229.042
3 223.528
4 681.223
32500 4
1 229.146
2 229.761
3 224.585
4 683.493
32600 4
1 229.304
2 230.778
3 225.444
4 685.526
32700 4
1 230.058
2 231.646
3 226.473
4 688.177
32800 4
1 230.783
2 232.778
3 227.41
4 690.97
32900 4
1 231.586
2 233.279
3 228.412
4 693.277
33000 4
1 232.516
2 233.937
3 228.518
4 694.97
33100 4
1 233.392
2 234.711
3 229.496
4 697.599
33200 4
1 234.344
2 235.758
3 229.545
4 699.647
33300 4
1 234.71
2 236.072
3 229.994
4 700.777
33400 4
1 235.314
2 236.689
3 230.752
4 702.755
33500 4
1 236.432
2 237.246
3 231.149
4 704.828
33600 4
1 237.427
2 237.712
3 231.511
4 706.65
33700 4
1 237.928
2 238.638
3 232.614
4 709.18
33800 4
1 238.97
2 239.215
3 233.912
4 712.097
33900 4
1 239.82
2 239.973
3 234.132
4 713.925
34000 4
1 240.673
2 240.496
3 234.953
4 716.121
34100 4
1 241.449
2 240.957
3 235.851
4 718.257
34200 4
1 242.261
2 240.984
3 236.035
4 719.28
34300 4
1 242.965
2 241.967
3 236.226
4 721.157
34400 4
1 243.365
2 242.81
3 237.101
4 723.276
34500 4
1 243.176
2 243.073
3 237.707
4 723.956
34600 4
1 243.662
2 243.515
3 238.481
4 725.657
34700 4
1 244.061
2 244.145
3 239.415
4 727.62
34800 4
1 244.555
2 244.851
3 241.069
4 730.475
34900 4
1 245.091
2 245.189
3 241.575
4 731.854
35000 4
1 245.25
2 245.993
3 242.056
4 733.299
35100 4
1 245.74
2 246.942
3 242.411
4 735.093
35200 4
1 246.293
2 247.397
3 242.81
4 736.501
35300 4
1 246.477
2 247.804
3 243.756
4 738.038
35400 4
1 247.988
2 248.11
3 244.333
4 740.432
35500 4
1 248.665
2 248.277
3 244.763
4 741.704
35600 4
1 249.053
2 249.21
3 245.894
4 744.158
35700 4
1 249.762
2 250.289
3 246.59
4 746.642
35800 4
1 250.355
2 251.329
3 247.649
4 749.333
35900 4
1 250.673
2 251.713
3 248.121
4 750.507
36000 4
1 251.024
2 252.297
3 248.858
4 752.179
36100 4
1 251.655
2 253.255
3 249.374
4 754.284
36200 4
1 251.841
2 254.251
3 249.962
4 756.054
36300 4
1 251.897
2 254.82
3 250.667
4 757.384
36400 4
1 252.676
2 255.917
3 251.087
4 759.68
36500 4
1 253.779
2 256.32
3 252.555
4 762.654
36600 4
1 254.013
2 256.546
3 253.717
4 764.277
36700 4
1 254.319
2 256.374
3 254.39
4 765.082
36800 4
1 254.367
2 257.112
3 254.88
4 766.359
36900 4
1 255.131
2 257.968
3 256.043
4 769.142
37000 4
1 255.744
2 258.699
3 256.574
4 771.017
37100 4
1 256.535
2 259.14
3 257.481
4 773.156
37200 4
1 257.937
2 260.186
3 258.228
4 776.351
37300 4
1 259.004
2 260.141
3 258.906
4 778.051
37400 4
1 259.765
2 261.355
3 259.156
4 780.276
37500 4
1 259.862
2 262.271
3 260.156
4 782.29
37600 4
1 261.287
2 262.246
3 260.215
4 783.748
37700 4
1 262.504
2 262.974
3 260.64
4 786.117
37800 4
1 263.302
2 263.497
3 261.952
4 788.751
37900 4
1 264.211
2 264.026
3 263.477
4 791.713
38000 4
1 264.919
2 264.51
3 264.171
4 793.6
38100 4
1 265.401
2 265.351
3 265.122
4 795.874
38200 4
1 266.136
2 266.719
3 265.877
4 798.733
38300 4
1 266.68
2 267.18
3 266.946
4 800.806
38400 4
1 267.537
2 268.362
3 267.681
4 803.579
38500 4
1 267.549
2 268.647
3 267.837
4 804.033
38600 4
1 267.908
2 269.456
3 268.626
4 805.989
38700 4
1 268.143
2 270.297
3 269.938
4 808.377
38800 4
1 268.85
2 271.667
3 270.572
4 811.089
38900 4
1 270.062
2 272.689
3 271.627
4 814.379
39000 4
1 270.742
2 273.099
3 272.327
4 816.168
39100 4
1 271.715
2 273.653
3 272.855
4 818.223
39200 4
1 272.544
2 274.306
3 273.36
4 820.21
39300 4
1 273.051
2 274.582
3 274.412
4 822.045
39400 4
1 273.662
2 274.588
3 275.234
4 823.484
39500 4
1 274.886
2 275.704
3 275.418
4 826.007
39600 4
1 275.679
2 276.931
3 276.147
4 828.757
39700 4
1 277.135
2 278.127
3 277.291
4 832.552
39800 4
1 278.674
2 278.825
3 277.795
4 835.293
39900 4
1 278.76
2 279.418
3 277.947
4 836.125
40000 4
1 279.549
2 279.611
3 278.605
4 837.765
