0.0 0.0 0.0 0.0 0.0
0.5 0.562001 0.571066 0.569967 1.70303
1.0 1.27239 1.25681 1.26884 3.79805
1.5 1.9241 1.98403 1.95465 5.86278
2.0 2.6086 2.71757 2.62989 7.95606
2.5 3.29258 3.38193 3.41277 10.0873
3.0 4.05489 4.01717 4.16252 12.2346
3.5 4.79844 4.73427 4.8799 14.4126
4.0 5.42353 5.41227 5.48119 16.317
4.5 6.09899 6.05498 6.09666 18.2506
5.0 6.87471 6.77191 6.81033 20.457
5.5 7.49958 7.4827 7.52968 22.512
6.0 8.23622 8.22664 8.33011 24.793
6.5 8.90374 8.89724 9.13929 26.9403
7.0 9.66997 9.66055 9.8671 29.1976
7.5 10.3214 10.4556 10.5552 31.3322
8.0 10.9584 11.1297 11.1502 33.2382
8.5 11.5791 11.8404 11.7183 35.1378
9.0 12.2392 12.6972 12.3117 37.2481
9.5 12.7854 13.4353 12.9189 39.1396
10.0 13.4925 14.0197 13.6858 41.198
10.5 14.1961 14.8124 14.4043 43.4128
11.0 14.97 15.4614 15.1764 45.6077
11.5 15.7006 15.9482 15.9843 47.6331
12.0 16.5057 16.6109 16.6698 49.7863
12.5 17.365 17.1294 17.3166 51.811
13.0 18.003 17.6572 18.0133 53.6735
13.5 18.5262 18.3509 18.5108 55.3879
14.0 19.233 19.0854 19.1482 57.4666
14.5 19.8499 19.9605 19.77 59.5804
15.0 20.5149 20.8793 20.5074 61.9016
15.5 21.1305 21.5955 21.1538 63.8797
16.0 21.94 22.3524 21.8727 66.1651
16.5 22.5104 23.1155 22.4818 68.1077
17.0 23.2882 23.7712 23.2544 70.3138
17.5 24.0778 24.5464 24.1099 72.7341
18.0 24.8727 25.2469 24.8341 74.9537
18.5 25.5802 26.0028 25.526 77.1091
19.0 26.3655 26.6289 26.1954 79.1897
19.5 27.1485 27.4406 26.8453 81.4344
20.0 27.8224 28.0685 27.4613 83.3522
20.5 28.7735 28.4011 28.0722 85.2468
21.0 29.4578 28.9545 28.966 87.3783
21.5 29.9829 29.5878 29.5971 89.1677
22.0 30.5558 30.3522 30.2119 91.1199
22.5 31.3486 31.0336 30.6898 93.072
23.0 32.3439 31.718 31.3391 95.401
23.5 32.9567 32.388 31.9946 97.3393
24.0 33.6551 32.8904 32.5771 99.1225
24.5 34.4542 33.6845 33.1294 101.268
25.0 35.068 34.5489 33.8015 103.418
25.5 35.7061 35.2493 34.4057 105.361
26.0 36.4044 36.074 35.0671 107.545
26.5 37.2003 36.6481 35.6816 109.53
27.0 37.7668 37.2481 36.4034 111.418
27.5 38.4789 37.9199 37.2729 113.672
28.0 39.0132 38.5102 38.0182 115.542
28.5 39.6033 39.1721 38.7111 117.486
29.0 40.3732 39.7055 39.4737 119.552
29.5 41.0902 40.4224 40.1686 121.681
30.0 41.8433 41.2463 40.8354 123.925
30.5 42.3815 41.9587 41.4015 125.742
31.0 43.0245 42.6947 41.9602 127.679
31.5 43.8527 43.4945 42.4341 129.781
32.0 44.787 44.0755 43.0802 131.943
32.5 45.702 44.8957 43.8422 134.44
33.0 46.5597 45.6204 44.6053 136.785
33.5 47.1533 46.1992 45.3768 138.729
34.0 47.7812 46.7144 45.9954 140.491
34.5 48.3873 47.5074 46.7026 142.597
35.0 48.8966 48.1696 47.3525 144.419
35.5 49.4451 48.6195 48.1162 146.181
36.0 50.1697 49.3077 49.0432 148.521
36.5 50.8048 50.1289 49.8651 150.799
37.0 51.4243 50.5474 50.6936 152.665
37.5 52.0347 50.9401 51.141 154.116
38.0 52.8734 51.5626 51.8469 156.283
38.5 53.6773 52.239 52.8005 158.717
39.0 54.1334 52.7358 53.427 160.296
39.5 54.9233 53.3022 53.9661 162.192
40.0 56.0265 53.8969 54.7425 164.666
40.5 56.5973 54.7942 55.2331 166.625
41.0 57.4408 55.5056 55.7234 168.67
41.5 58.2271 56.2434 56.5256 170.996
42.0 59.2369 56.9702 57.0859 173.293
42.5 59.9279 57.7035 57.9735 175.605
43.0 60.6898 58.3834 58.6567 177.73
43.5 61.4139 58.9833 59.5145 179.912
44.0 62.3015 59.5276 60.4943 182.323
44.5 63.0449 60.1305 61.1931 184.369
45.0 64.0218 60.894 62.0072 186.923
45.5 64.8747 61.4901 62.4862 188.851
46.0 65.5799 62.274 63.4162 191.27
46.5 66.1288 63.0375 64.5288 193.695
47.0 66.6201 63.6342 65.1523 195.407
47.5 67.1875 64.75 65.8412 197.779
48.0 67.8286 65.3938 66.6674 199.89
48.5 68.3807 66.094 67.4969 201.972
49.0 69.4434 66.6131 68.4506 204.507
49.5 70.1114 67.4836 69.075 206.67
50.0 70.709 68.0573 69.8243 208.591
50.5 71.3721 68.7564 70.5403 210.669
51.0 71.8617 69.3448 71.252 212.459
51.5 72.5772 70.0901 71.9202 214.587
52.0 73.5004 70.7937 72.7464 217.04
52.5 74.2874 71.5917 73.3656 219.245
53.0 75.1545 72.1078 74.1301 221.392
53.5 75.7736 72.8485 74.9304 223.553
54.0 76.47 73.6064 75.8832 225.96
54.5 77.2769 74.3476 76.5709 228.195
55.0 77.9075 75.1753 77.2541 230.337
55.5 78.328 75.5006 77.9304 231.759
56.0 79.0562 76.3549 78.8822 234.293
56.5 79.5148 76.9854 79.7489 236.249
57.0 80.0486 77.8536 80.4693 238.371
57.5 80.9898 78.4043 81.2786 240.673
58.0 81.6174 79.0413 81.8721 242.531
58.5 82.1814 79.6887 82.8375 244.708
59.0 83.0891 80.1001 83.6532 246.842
59.5 83.498 80.8077 84.3527 248.658
60.0 84.1555 81.6739 84.9504 250.78
60.5 84.5291 82.7929 85.6453 252.967
61.0 84.9832 83.7871 86.1046 254.875
61.5 85.7066 84.5146 86.7952 257.016
62.0 86.2924 85.3334 87.6024 259.228
62.5 87.2388 85.9473 88.4773 261.663
63.0 87.931 86.4459 89.0527 263.43
63.5 88.5082 86.8987 89.8638 265.271
64.0 89.2834 87.4438 90.4203 267.147
64.5 89.9187 88.1621 90.8929 268.974
65.0 90.6948 88.6826 91.7851 271.162
65.5 91.5415 89.2387 92.5715 273.352
66.0 92.5979 89.8061 93.323 275.727
66.5 92.9719 90.6544 93.8295 277.456
67.0 93.827 91.4231 94.0036 279.254
67.5 94.6116 92.2707 94.5031 281.385
68.0 95.4564 92.8124 95.1907 283.46
68.5 95.9714 93.3582 95.8027 285.132
69.0 96.552 93.959 96.1459 286.657
69.5 97.6164 94.4883 96.9204 289.025
70.0 98.6189 95.1573 97.7277 291.504
70.5 98.9602 96.021 98.0949 293.076
71.0 99.5455 96.5338 98.6792 294.759
71.5 100.428 96.8833 99.3272 296.639
72.0 101.178 97.5027 100.143 298.824
72.5 101.994 98.2597 100.842 301.096
73.0 102.771 99.0468 101.815 303.633
73.5 103.202 99.8023 102.696 305.7
74.0 104.219 100.668 103.261 308.148
74.5 104.712 101.304 103.626 309.642
75.0 105.54 101.985 104.495 312.02
75.5 106.25 102.789 105.313 314.351
76.0 107.019 103.774 106.181 316.973
76.5 108.038 104.978 106.873 319.889
77.0 109.059 105.724 107.603 322.386
77.5 109.645 106.508 108.226 324.379
78.0 110.158 106.962 109.171 326.292
78.5 110.648 107.452 110.216 328.315
79.0 111.458 108.39 110.963 330.811
79.5 112.026 109.217 111.405 332.649
80.0 112.791 110.116 111.85 334.757
80.5 113.479 111.27 112.527 337.276
81.0 113.727 112.151 112.825 338.702
81.5 114.238 113.332 113.191 340.761
82.0 114.725 114.138 113.933 342.796
82.5 115.529 114.885 114.412 344.827
83.0 116.309 116.161 114.622 347.092
83.5 117.019 116.922 115.069 349.01
84.0 118.02 117.574 115.775 351.369
84.5 118.483 118.44 116.269 353.193
85.0 119.207 118.939 117.109 355.256
85.5 120.312 120.021 117.717 358.05
86.0 120.824 120.834 118.153 359.811
86.5 121.98 121.8 119.011 362.791
87.0 122.802 122.38 119.493 364.675
87.5 123.195 122.718 120.314 366.228
88.0 124.217 123.46 121.057 368.734
88.5 125.024 123.934 121.783 370.741
89.0 125.316 125.01 122.636 372.962
89.5 126.037 125.64 123.167 374.843
90.0 126.614 126.335 123.766 376.715
90.5 127.422 127.101 124.255 378.777
91.0 128.224 127.629 125.3 381.153
91.5 129.19 128.335 126.107 383.632
92.0 129.898 129.2 126.615 385.713
92.5 130.949 130.144 127.372 388.464
93.0 131.864 130.72 128.054 390.638
93.5 132.485 131.453 128.257 392.195
94.0 133.001 131.869 129.011 393.882
94.5 133.487 132.539 129.837 395.863
95.0 134.345 133.127 130.843 398.316
95.5 135.036 133.755 131.565 400.356
96.0 135.768 134.528 131.995 402.291
96.5 136.203 135.679 132.65 404.533
97.0 136.848 136.464 133.272 406.583
97.5 137.689 137.247 134.197 409.133
98.0 138.981 137.806 135.34 412.128
98.5 139.674 138.382 136.203 414.258
99.0 140.916 139.102 136.971 416.989
99.5 142.048 139.594 137.868 419.51
100.0 143.022 140.588 138.517 422.128
100.5 143.498 141.366 139.381 424.245
101.0 144.329 142.254 140.278 426.861
101.5 145.164 143.062 141.073 429.299
102.0 146.014 143.441 142.016 431.471
102.5 146.294 144.31 142.744 433.348
103.0 147.591 144.596 143.476 435.664
103.5 148.355 145.267 144.39 438.011
104.0 149.348 145.586 145.358 440.292
104.5 149.75 146.16 146.43 442.34
105.0 150.392 146.747 147.329 444.468
105.5 151.023 147.054 148.257 446.335
106.0 151.635 148.2 148.822 448.657
106.5 152.353 148.769 149.686 450.809
107.0 152.808 149.428 150.68 452.916
107.5 153.392 150.071 151.148 454.611
108.0 154.262 150.998 151.781 457.041
108.5 154.894 151.472 152.426 458.791
109.0 155.509 152.136 152.924 460.569
109.5 156.019 152.797 153.411 462.227
110.0 156.704 153.341 154.35 464.394
110.5 157.638 154.34 155.005 466.983
111.0 158.222 154.932 155.455 468.609
111.5 158.705 155.342 155.947 469.994
112.0 159.724 156.324 156.868 472.916
112.5 160.221 157.135 157.267 474.623
113.0 161.151 157.677 157.886 476.713
113.5 162.04 157.956 158.038 478.034
114.0 162.764 158.815 158.535 480.114
114.5 162.776 159.67 159.07 481.516
115.0 163.653 160.592 159.958 484.203
115.5 164.568 161.428 160.656 486.652
116.0 164.874 162.168 160.966 488.008
116.5 165.714 163.174 161.476 490.364
117.0 166.437 163.984 162.651 493.072
117.5 167.153 164.401 163.042 494.596
118.0 167.692 164.901 163.493 496.086
118.5 168.387 165.717 164.041 498.145
119.0 168.786 166.323 164.87 499.978
119.5 169.384 166.966 164.836 501.185
120.0 170.481 167.563 165.337 503.381
120.5 170.799 167.923 166.202 504.925
121.0 171.555 168.714 167.244 507.513
121.5 172.216 169.515 167.849 509.58
122.0 172.81 169.811 168.826 511.447
122.5 173.38 170.631 169.901 513.912
123.0 174.559 171.521 170.618 516.698
123.5 175.396 171.929 171.372 518.697
124.0 176.069 172.606 172.126 520.8
124.5 176.384 173.561 173.078 523.022
125.0 176.999 174.864 173.764 525.627
125.5 177.53 175.361 174.146 527.037
126.0 177.87 176.199 174.893 528.963
126.5 178.456 176.962 175.348 530.766
127.0 178.682 177.303 175.637 531.622
127.5 179.781 178.044 176.404 534.229
128.0 180.627 178.132 176.839 535.598
128.5 181.402 178.776 177.315 537.494
129.0 181.689 179.581 178.266 539.536
129.5 182.343 179.679 179.446 541.468
130.0 183.072 180.459 180.025 543.556
130.5 183.481 181.551 180.558 545.591
131.0 184.225 182.711 181.307 548.242
131.5 185.144 183.666 181.479 550.289
132.0 186.503 184.223 182.24 552.967
132.5 187.116 185.097 183.203 555.415
133.0 187.822 186.33 183.529 557.681
133.5 188.288 187.345 184.026 559.658
134.0 188.544 188.481 184.629 561.654
134.5 188.36 189.676 185.172 563.208
135.0 188.76 190.427 185.99 565.176
135.5 189.082 191.362 186.511 566.955
136.0 189.92 192.043 186.984 568.947
136.5 191.188 192.554 187.612 571.354
137.0 192.616 193.272 187.872 573.76
137.5 193.471 193.827 188.865 576.164
138.0 193.85 194.906 189.703 578.459
138.5 194.782 195.762 190.628 581.172
139.0 195.042 196.554 191.362 582.957
139.5 195.604 196.996 191.949 584.548
140.0 196.544 197.363 193.064 586.971
140.5 197.693 197.642 193.862 589.197
141.0 198.477 198.394 194.756 591.627
141.5 198.684 199.024 195.049 592.757
142.0 199.201 199.966 195.463 594.631
142.5 199.977 200.965 196.211 597.154
143.0 201.056 201.536 196.537 599.129
143.5 202.266 202.108 196.677 601.051
144.0 203.096 202.335 197.029 602.46
144.5 204.249 203.103 197.606 604.957
145.0 205.802 203.498 198.6 607.9
145.5 206.847 204.328 198.855 610.031
146.0 207.414 204.929 199.736 612.079
146.5 208.516 205.749 200.536 614.8
147.0 209.355 206.702 201.13 617.187
147.5 209.23 208.025 202.113 619.368
148.0 209.866 208.939 203.33 622.135
148.5 211.081 210.259 204.172 625.512
149.0 211.477 211.336 204.929 627.742
149.5 212.357 211.847 205.421 629.624
150.0 212.679 212.139 205.781 630.6
150.5 213.003 212.71 206.342 632.056
151.0 213.482 213.171 206.917 633.57
151.5 214.432 213.646 207.634 635.711
152.0 215.266 214.29 208.362 637.917
152.5 215.823 214.994 208.933 639.751
153.0 216.56 216.445 209.98 642.985
153.5 217.81 217.479 210.521 645.81
154.0 218.427 218.329 211.552 648.308
154.5 219.246 219.034 212.195 650.476
155.0 220.155 219.92 212.733 652.809
155.5 220.411 220.278 213.435 654.124
156.0 221.521 221.085 214.353 656.959
156.5 222.353 221.832 215.333 659.519
157.0 222.473 222.724 216.272 661.468
157.5 223.029 223.796 217.354 664.179
158.0 223.988 224.238 218.339 666.565
158.5 224.948 224.756 218.605 668.309
159.0 225.404 224.778 218.764 668.946
159.5 225.739 225.103 220.039 670.881
160.0 226.729 225.807 220.951 673.487
160.5 227.168 226.742 221.669 675.579
161.0 227.617 227.549 221.913 677.079
161.5 228.023 228.223 222.927 679.172
162.0 228.653 229.042 223.528 681.223
162.5 229.146 229.761 224.585 683.493
163.0 229.304 230.778 225.444 685.526
163.5 230.058 231.646 226.473 688.177
164.0 230.783 232.778 227.41 690.97
164.5 231.586 233.279 228.412 693.277
165.0 232.516 233.937 228.518 694.97
165.5 233.392 234.711 229.496 697.599
166.0 234.344 235.758 229.545 699.647
166.5 234.71 236.072 229.994 700.777
167.0 235.314 236.689 230.752 702.755
167.5 236.432 237.246 231.149 704.828
168.0 237.427 237.712 231.511 706.65
168.5 237.928 238.638 232.614 709.18
169.0 238.97 239.215 233.912 712.097
169.5 239.82 239.973 234.132 713.925
170.0 240.673 240.496 234.953 716.121
170.5 241.449 240.957 235.851 718.257
171.0 242.261 240.984 236.035 719.28
171.5 242.965 241.967 236.226 721.157
172.0 243.365 242.81 237.101 723.276
172.5 243.176 243.073 237.707 723.956
173.0 243.662 243.515 238.481 725.657
173.5 244.061 244.145 239.415 727.62
174.0 244.555 244.851 241.069 730.475
174.5 245.091 245.189 241.575 731.854
175.0 245.25 245.993 242.056 733.299
175.5 245.74 246.942 242.411 735.093
176.0 246.293 247.397 242.81 736.501
176.5 246.477 247.804 243.756 738.038
177.0 247.988 248.11 244.333 740.432
177.5 248.665 248.277 244.763 741.704
178.0 249.053 249.21 245.894 744.158
178.5 249.762 250.289 246.59 746.642
179.0 250.355 251.329 247.649 749.333
179.5 250.673 251.713 248.121 750.507
180.0 251.024 252.297 248.858 752.179
180.5 251.655 253.255 249.374 754.284
181.0 251.841 254.251 249.962 756.054
181.5 251.897 254.82 250.667 757.384
182.0 252.676 255.917 251.087 759.68
182.5 253.779 256.32 252.555 762.654
183.0 254.013 256.546 253.717 764.277
183.5 254.319 256.374 254.39 765.082
184.0 254.367 257.112 254.88 766.359
184.5 255.131 257.968 256.043 769.142
185.0 255.744 258.699 256.574 771.017
185.5 256.535 259.14 257.481 773.156
186.0 257.937 260.186 258.228 776.351
186.5 259.004 260.141 258.906 778.051
187.0 259.765 261.355 259.156 780.276
187.5 259.862 262.271 260.156 782.29
188.0 261.287 262.246 260.215 783.748
188.5 262.504 262.974 260.64 786.117
189.0 263.302 263.497 261.952 788.751
189.5 264.211 264.026 263.477 791.713
190.0 264.919 264.51 264.171 793.6
190.5 265.401 265.351 265.122 795.874
191.0 266.136 266.719 265.877 798.733
191.5 266.68 267.18 266.946 800.806
192.0 267.537 268.362 267.681 803.579
192.5 267.549 268.647 267.837 804.033
193.0 267.908 269.456 268.626 805.989
193.5 268.143 270.297 269.938 808.377
194.0 268.85 271.667 270.572 811.089
194.5 270.062 272.689 271.627 814.379
195.0 270.742 273.099 272.327 816.168
195.5 271.715 273.653 272.855 818.223
196.0 272.544 274.306 273.36 820.21
196.5 273.051 274.582 274.412 822.045
197.0 273.662 274.588 275.234 823.484
197.5 274.886 275.704 275.418 826.007
198.0 275.679 276.931 276.147 828.757
198.5 277.135 278.127 277.291 832.552
199.0 278.674 278.825 277.795 835.293
199.5 278.76 279.418 277.947 836.125
200.0 279.549 279.611 278.605 837.765
