0.0 0.0 0.0 0.0 0.0
0.5 0.240858 0.244742 0.244272 0.729872
1.0 0.545311 0.538634 0.543791 1.62774
1.5 0.824613 0.8503 0.837707 2.51262
2.0 1.11797 1.16467 1.12709 3.40974
2.5 1.41111 1.4494 1.46262 4.32312
3.0 1.73781 1.72164 1.78394 5.24339
3.5 2.05648 2.02897 2.09138 6.17683
4.0 2.32437 2.31954 2.34908 6.99299
4.5 2.61385 2.59499 2.61285 7.8217
5.0 2.94631 2.90225 2.91871 8.76727
5.5 3.21411 3.20687 3.22701 9.64798
6.0 3.52981 3.5257 3.57005 10.6256
6.5 3.81589 3.8131 3.91684 11.5458
7.0 4.14427 4.14023 4.22876 12.5133
7.5 4.42347 4.48099 4.52364 13.4281
8.0 4.69644 4.76985 4.77865 14.2449
8.5 4.96246 5.07444 5.02214 15.059
9.0 5.24539 5.44164 5.27643 15.9635
9.5 5.47945 5.75799 5.53667 16.7741
10.0 5.78251 6.00843 5.86533 17.6563
10.5 6.08404 6.34817 6.17328 18.6055
11.0 6.4157 6.62629 6.50415 19.5461
11.5 6.72884 6.83494 6.85039 20.4142
12.0 7.07386 7.11895 7.14419 21.337
12.5 7.44213 7.34119 7.42141 22.2047
13.0 7.71557 7.56737 7.72001 23.0029
13.5 7.93979 7.86469 7.9332 23.7377
14.0 8.24271 8.17945 8.20639 24.6285
14.5 8.50709 8.55451 8.47286 25.5345
15.0 8.79209 8.94826 8.7889 26.5292
15.5 9.05592 9.25519 9.06591 27.377
16.0 9.40286 9.5796 9.37401 28.3565
16.5 9.64731 9.90662 9.63507 29.189
17.0 9.98066 10.1877 9.96619 30.1345
17.5 10.3191 10.5199 10.3328 31.1718
18.0 10.6597 10.8201 10.6432 32.123
18.5 10.963 11.1441 10.9397 33.0467
19.0 11.2995 11.4124 11.2266 33.9385
19.5 11.6351 11.7603 11.5051 34.9004
20.0 11.9239 12.0293 11.7691 35.7224
20.5 12.3315 12.1719 12.0309 36.5344
21.0 12.6248 12.4091 12.414 37.4478
21.5 12.8498 12.6805 12.6845 38.2147
22.0 13.0954 13.0081 12.948 39.0514
22.5 13.4351 13.3001 13.1528 39.888
23.0 13.8617 13.5934 13.431 40.8861
23.5 14.1243 13.8806 13.712 41.7168
24.0 14.4236 14.0959 13.9616 42.4811
24.5 14.7661 14.4362 14.1983 43.4006
25.0 15.0292 14.8067 14.4864 44.3222
25.5 15.3026 15.1069 14.7453 45.1548
26.0 15.6019 15.4603 15.0287 46.0909
26.5 15.943 15.7063 15.2921 46.9414
27.0 16.1858 15.9635 15.6015 47.7507
27.5 16.4909 16.2514 15.9741 48.7165
28.0 16.72 16.5044 16.2935 49.5178
28.5 16.9728 16.788 16.5905 50.3514
29.0 17.3028 17.0166 16.9173 51.2367
29.5 17.6101 17.3239 17.2151 52.1491
30.0 17.9328 17.677 17.5009 53.1107
30.5 18.1635 17.9823 17.7435 53.8893
31.0 18.4391 18.2977 17.9829 54.7197
31.5 18.794 18.6405 18.186 55.6206
32.0 19.1944 18.8895 18.463 56.5469
32.5 19.5866 19.241 18.7895 57.6171
33.0 19.9542 19.5516 19.1165 58.6223
33.5 20.2086 19.7997 19.4472 59.4554
34.0 20.4777 20.0204 19.7123 60.2104
34.5 20.7374 20.3603 20.0154 61.1131
35.0 20.9557 20.6441 20.2939 61.8937
35.5 21.1908 20.8369 20.6212 62.6489
36.0 21.5013 21.1319 21.0185 63.6517
36.5 21.7735 21.4838 21.3708 64.6281
37.0 22.039 21.6632 21.7258 65.428
37.5 22.3006 21.8315 21.9176 66.0496
38.0 22.66 22.0983 22.2201 66.9784
38.5 23.0046 22.3881 22.6288 68.0215
39.0 23.2 22.6011 22.8973 68.6984
39.5 23.5385 22.8438 23.1283 69.5106
40.0 24.0114 23.0987 23.4611 70.5711
40.5 24.256 23.4832 23.6713 71.4105
41.0 24.6175 23.7881 23.8815 72.2871
41.5 24.9545 24.1043 24.2253 73.284
42.0 25.3872 24.4158 24.4654 74.2684
42.5 25.6834 24.7301 24.8458 75.2592
43.0 26.0099 25.0215 25.1386 76.17
43.5 26.3202 25.2786 25.5062 77.105
44.0 26.7006 25.5118 25.9261 78.1386
44.5 27.0193 25.7702 26.2256 79.0151
45.0 27.4379 26.0974 26.5745 80.1099
45.5 27.8034 26.3529 26.7798 80.9361
46.0 28.1057 26.6888 27.1784 81.9729
46.5 28.3409 27.0161 27.6552 83.0122
47.0 28.5515 27.2718 27.9224 83.7457
47.5 28.7946 27.75 28.2177 84.7623
48.0 29.0694 28.0259 28.5718 85.6671
48.5 29.306 28.326 28.9272 86.5593
49.0 29.7614 28.5485 29.336 87.6459
49.5 30.0477 28.9215 29.6036 88.5728
50.0 30.3039 29.1674 29.9247 89.396
50.5 30.588 29.467 30.2315 90.2866
51.0 30.7979 29.7192 30.5366 91.0537
51.5 31.1045 30.0386 30.8229 91.9661
52.0 31.5002 30.3401 31.177 93.0174
52.5 31.8374 30.6822 31.4424 93.962
53.0 32.2091 30.9033 31.77 94.8825
53.5 32.4744 31.2208 32.113 95.8082
54.0 32.7729 31.5456 32.5214 96.8398
54.5 33.1187 31.8632 32.8161 97.798
55.0 33.3889 32.218 33.1089 98.7158
55.5 33.5691 32.3574 33.3988 99.3253
56.0 33.8812 32.7235 33.8067 100.411
56.5 34.0778 32.9938 34.1781 101.25
57.0 34.3065 33.3658 34.4868 102.159
57.5 34.7099 33.6018 34.8337 103.145
58.0 34.9789 33.8748 35.088 103.942
58.5 35.2206 34.1523 35.5018 104.875
59.0 35.6096 34.3286 35.8514 105.79
59.5 35.7849 34.6319 36.1512 106.568
60.0 36.0666 35.0031 36.4073 107.477
60.5 36.2268 35.4827 36.7051 108.415
61.0 36.4214 35.9088 36.902 109.232
61.5 36.7314 36.2206 37.1979 110.15
62.0 36.9825 36.5714 37.5439 111.098
62.5 37.388 36.8346 37.9189 112.141
63.0 37.6847 37.0482 38.1654 112.898
63.5 37.9321 37.2423 38.5131 113.687
64.0 38.2643 37.4759 38.7515 114.492
64.5 38.5366 37.7837 38.9541 115.274
65.0 38.8692 38.0068 39.3365 116.212
65.5 39.2321 38.2452 39.6735 117.151
66.0 39.6848 38.4883 39.9956 118.169
66.5 39.8451 38.8519 40.2127 118.91
67.0 40.2116 39.1813 40.2872 119.68
67.5 40.5478 39.5446 40.5013 120.594
68.0 40.9099 39.7767 40.796 121.483
68.5 41.1306 40.0107 41.0583 122.2
69.0 41.3794 40.2681 41.2054 122.853
69.5 41.8356 40.495 41.5373 123.868
70.0 42.2652 40.7817 41.8833 124.93
70.5 42.4115 41.1518 42.0407 125.604
71.0 42.6624 41.3716 42.2911 126.325
71.5 43.0405 41.5214 42.5688 127.131
72.0 43.3622 41.7869 42.9185 128.068
72.5 43.7115 42.1113 43.2182 129.041
73.0 44.0447 42.4486 43.6349 130.128
73.5 44.2293 42.7724 44.0127 131.014
74.0 44.6653 43.1433 44.2549 132.063
74.5 44.8767 43.416 44.4112 132.704
75.0 45.2313 43.7077 44.7837 133.723
75.5 45.5357 44.0523 45.1341 134.722
76.0 45.8652 44.4744 45.506 135.846
76.5 46.3021 44.9906 45.8026 137.095
77.0 46.7395 45.3103 46.1156 138.165
77.5 46.9907 45.6463 46.3827 139.02
78.0 47.2107 45.841 46.7876 139.839
78.5 47.4204 46.0508 47.2354 140.707
79.0 47.7679 46.4528 47.5554 141.776
79.5 48.0114 46.8075 47.7449 142.564
80.0 48.3389 47.1925 47.9357 143.467
80.5 48.6338 47.6873 48.2258 144.547
81.0 48.74 48.0647 48.3534 145.158
81.5 48.9593 48.5708 48.5103 146.04
82.0 49.168 48.9164 48.8283 146.913
82.5 49.5126 49.2366 49.0336 147.783
83.0 49.8468 49.7831 49.1237 148.754
83.5 50.1511 50.1094 49.3151 149.576
84.0 50.58 50.389 49.6179 150.587
84.5 50.7786 50.7601 49.8297 151.368
85.0 51.0888 50.9738 50.1898 152.252
85.5 51.5622 51.4374 50.4502 153.45
86.0 51.7817 51.7859 50.6372 154.205
86.5 52.2773 52.1999 51.0046 155.482
87.0 52.6294 52.4486 51.2112 156.289
87.5 52.7981 52.5936 51.5631 156.955
88.0 53.2358 52.9112 51.8816 158.029
88.5 53.5819 53.1145 52.1927 158.889
89.0 53.7069 53.5759 52.5581 159.841
89.5 54.0158 53.8455 52.7857 160.647
90.0 54.2633 54.1434 53.0424 161.449
90.5 54.6094 54.4717 53.2521 162.333
91.0 54.953 54.6983 53.6999 163.351
91.5 55.3673 55.0006 54.0457 164.414
92.0 55.6706 55.3712 54.2636 165.305
92.5 56.1209 55.7758 54.588 166.485
93.0 56.513 56.0228 54.8805 167.416
93.5 56.7794 56.337 54.9673 168.084
94.0 57.0005 56.5155 55.2904 168.806
94.5 57.2087 56.8025 55.6445 169.656
95.0 57.5766 57.0545 56.0757 170.707
95.5 57.8725 57.3238 56.3848 171.581
96.0 58.1861 57.655 56.5692 172.41
96.5 58.3728 58.1483 56.8502 173.371
97.0 58.6491 58.4844 57.1166 174.25
97.5 59.0095 58.8202 57.5131 175.343
98.0 59.5635 59.0596 58.003 176.626
98.5 59.8601 59.3066 58.3727 177.539
99.0 60.3924 59.6152 58.7018 178.709
99.5 60.8779 59.8259 59.0861 179.79
100.0 61.2953 60.2521 59.3644 180.912
100.5 61.4993 60.5856 59.7346 181.819
101.0 61.8553 60.966 60.1193 182.941
101.5 62.213 61.3122 60.4599 183.985
102.0 62.5776 61.4746 60.8638 184.916
102.5 62.6974 61.847 61.176 185.72
103.0 63.2533 61.9697 61.4899 186.713
103.5 63.5806 62.2572 61.8812 187.719
104.0 64.0063 62.394 62.2962 188.697
104.5 64.1787 62.64 62.7558 189.574
105.0 64.4538 62.8917 63.1409 190.486
105.5 64.7243 63.023 63.5389 191.286
106.0 64.9865 63.5143 63.7808 192.282
106.5 65.2942 63.7583 64.1514 193.204
107.0 65.4893 64.0405 64.5771 194.107
107.5 65.7395 64.3161 64.7777 194.833
108.0 66.1123 64.7134 65.049 195.875
108.5 66.383 64.9164 65.3256 196.625
109.0 66.6468 65.2011 65.5387 197.387
109.5 66.8653 65.4844 65.7475 198.097
110.0 67.1588 65.7175 66.1499 199.026
110.5 67.5592 66.1455 66.4309 200.136
111.0 67.8093 66.3996 66.6235 200.832
111.5 68.0163 66.5752 66.8345 201.426
112.0 68.453 66.996 67.2291 202.678
112.5 68.6662 67.3437 67.4 203.41
113.0 69.0647 67.5757 67.6653 204.306
113.5 69.4456 67.6953 67.7307 204.872
114.0 69.7559 68.0635 67.9436 205.763
114.5 69.7612 68.4299 68.1727 206.364
115.0 70.1369 68.8252 68.5534 207.516
115.5 70.5292 69.1834 68.8527 208.565
116.0 70.6603 69.5007 68.9853 209.146
116.5 71.0203 69.9318 69.2038 210.156
117.0 71.3299 70.279 69.7077 211.317
117.5 71.637 70.4575 69.8753 211.97
118.0 71.8679 70.6718 70.0684 212.608
118.5 72.1657 71.0216 70.3033 213.491
119.0 72.3367 71.2812 70.6585 214.276
119.5 72.5932 71.5568 70.6438 214.794
120.0 73.0633 71.8126 70.8587 215.735
120.5 73.1996 71.9671 71.2295 216.396
121.0 73.5234 72.3062 71.6758 217.505
121.5 73.8069 72.6492 71.9354 218.391
122.0 74.0615 72.7761 72.3538 219.191
122.5 74.3055 73.1278 72.8145 220.248
123.0 74.8109 73.5091 73.1219 221.442
123.5 75.1699 73.6838 73.445 222.299
124.0 75.4582 73.9738 73.7681 223.2
124.5 75.5931 74.3831 74.1762 224.152
125.0 75.8566 74.9415 74.4704 225.269
125.5 76.0841 75.1546 74.6342 225.873
126.0 76.2302 75.5138 74.9543 226.698
126.5 76.4812 75.8408 75.1493 227.471
127.0 76.578 75.9872 75.2729 227.838
127.5 77.0488 76.3046 75.6018 228.955
128.0 77.4116 76.3422 75.7883 229.542
128.5 77.7439 76.6184 75.9923 230.355
129.0 77.8666 76.9633 76.3998 231.23
129.5 78.1468 77.0053 76.9055 232.058
130.0 78.4596 77.3394 77.1537 232.953
130.5 78.6349 77.8077 77.3821 233.825
131.0 78.9534 78.3045 77.7029 234.961
131.5 79.3475 78.7139 77.7767 235.838
132.0 79.93 78.9528 78.103 236.986
132.5 80.1925 79.3271 78.5156 238.035
133.0 80.4953 79.8557 78.6553 239.006
133.5 80.6949 80.2905 78.8682 239.854
134.0 80.8046 80.7776 79.1268 240.709
134.5 80.7257 81.2895 79.3596 241.375
135.0 80.8971 81.6114 79.7099 242.218
135.5 81.035 82.0125 79.9333 242.981
136.0 81.3943 82.3042 80.1359 243.834
136.5 81.9378 82.5233 80.4051 244.866
137.0 82.5497 82.8308 80.5167 245.897
137.5 82.9163 83.0687 80.9423 246.927
138.0 83.0786 83.5313 81.3013 247.911
138.5 83.478 83.898 81.6978 249.074
139.0 83.5892 84.2374 82.0122 249.839
139.5 83.8301 84.4268 82.2637 250.521
140.0 84.233 84.5839 82.7419 251.559
140.5 84.7254 84.7036 83.0839 252.513
141.0 85.0616 85.0261 83.467 253.555
141.5 85.1504 85.296 83.5923 254.039
142.0 85.3718 85.6999 83.77 254.842
142.5 85.7045 86.128 84.0905 255.923
143.0 86.1669 86.3724 84.2303 256.77
143.5 86.6854 86.6177 84.29 257.593
144.0 87.0409 86.715 84.4411 258.197
144.5 87.5353 87.044 84.6881 259.267
145.0 88.2008 87.2136 85.1143 260.529
145.5 88.6489 87.5693 85.2236 261.442
146.0 88.8916 87.8266 85.6012 262.319
146.5 89.3639 88.1781 85.9439 263.486
147.0 89.7234 88.5867 86.1984 264.509
147.5 89.6701 89.1536 86.6199 265.444
148.0 89.9425 89.5453 87.1414 266.629
148.5 90.4632 90.111 87.5024 268.077
149.0 90.6329 90.5728 87.8266 269.032
149.5 91.01 90.7914 88.0376 269.839
150.0 91.1483 90.9168 88.1921 270.257
150.5 91.2871 91.1616 88.4323 270.881
151.0 91.4924 91.3589 88.6786 271.53
151.5 91.8993 91.5626 88.9858 272.448
152.0 92.2566 91.8385 89.2979 273.393
152.5 92.4957 92.1405 89.5427 274.179
153.0 92.8115 92.7622 89.9914 275.565
153.5 93.347 93.2054 90.2234 276.776
154.0 93.6116 93.5696 90.6651 277.846
154.5 93.9627 93.8716 90.9409 278.775
155.0 94.3523 94.2513 91.1715 279.775
155.5 94.462 94.4048 91.4722 280.339
156.0 94.9375 94.7505 91.8658 281.554
156.5 95.2944 95.0709 92.2858 282.651
157.0 95.3454 95.4531 92.6878 283.486
157.5 95.5838 95.9126 93.1518 284.648
158.0 95.9949 96.102 93.574 285.671
158.5 96.4063 96.3241 93.6879 286.418
159.0 96.6016 96.3335 93.7562 286.691
159.5 96.7452 96.4729 94.3022 287.52
160.0 97.1694 96.7744 94.6934 288.637
160.5 97.3576 97.175 95.001 289.534
161.0 97.55 97.5211 95.1054 290.177
161.5 97.7239 97.8098 95.5401 291.074
162.0 97.9942 98.161 95.7976 291.953
162.5 98.2055 98.4691 96.2509 292.925
163.0 98.2732 98.9048 96.6191 293.797
163.5 98.5963 99.2767 97.06 294.933
164.0 98.9068 99.7618 97.4615 296.13
164.5 99.251 99.9769 97.8908 297.119
165.0 99.6496 100.259 97.9363 297.844
165.5 100.025 100.591 98.3553 298.971
166.0 100.433 101.039 98.3765 299.849
166.5 100.59 101.174 98.569 300.333
167.0 100.849 101.438 98.8936 301.181
167.5 101.328 101.677 99.064 302.069
168.0 101.754 101.877 99.219 302.85
168.5 101.969 102.273 99.6915 303.934
169.0 102.416 102.521 100.248 305.184
169.5 102.78 102.846 100.342 305.968
170.0 103.145 103.07 100.694 306.909
170.5 103.478 103.267 101.079 307.824
171.0 103.826 103.279 101.158 308.263
171.5 104.128 103.7 101.24 309.067
172.0 104.299 104.062 101.615 309.975
172.5 104.218 104.174 101.874 310.267
173.0 104.426 104.363 102.206 310.996
173.5 104.597 104.633 102.606 311.837
174.0 104.809 104.936 103.315 313.061
174.5 105.039 105.081 103.532 313.652
175.0 105.107 105.425 103.738 314.271
175.5 105.317 105.832 103.89 315.04
176.0 105.554 106.027 104.062 315.643
176.5 105.633 106.202 104.467 316.302
177.0 106.281 106.333 104.714 317.328
177.5 106.571 106.404 104.898 317.873
178.0 106.737 106.804 105.383 318.925
178.5 107.041 107.267 105.681 319.989
179.0 107.295 107.712 106.135 321.143
179.5 107.431 107.877 106.338 321.646
180.0 107.582 108.127 106.653 322.362
180.5 107.852 108.538 106.875 323.265
181.0 107.932 108.965 107.127 324.023
181.5 107.956 109.209 107.429 324.593
182.0 108.29 109.679 107.609 325.577
182.5 108.763 109.851 108.238 326.852
183.0 108.863 109.948 108.736 327.547
183.5 108.994 109.875 109.024 327.892
184.0 109.014 110.191 109.234 328.44
184.5 109.342 110.558 109.733 329.632
185.0 109.605 110.871 109.96 330.436
185.5 109.944 111.06 110.349 331.353
186.0 110.545 111.508 110.669 332.722
186.5 111.002 111.489 110.96 333.45
187.0 111.328 112.009 111.067 334.404
187.5 111.37 112.402 111.496 335.267
188.0 111.98 112.391 111.521 335.892
188.5 112.502 112.703 111.703 336.907
189.0 112.844 112.927 112.265 338.036
189.5 113.233 113.154 112.919 339.306
190.0 113.537 113.362 113.216 340.114
190.5 113.743 113.722 113.624 341.089
191.0 114.058 114.308 113.947 342.314
191.5 114.291 114.506 114.405 343.202
192.0 114.659 115.012 114.72 344.391
192.5 114.664 115.134 114.787 344.585
193.0 114.818 115.481 115.125 345.424
193.5 114.918 115.842 115.688 346.447
194.0 115.221 116.429 115.96 347.609
194.5 115.741 116.867 116.412 349.019
195.0 116.032 117.042 116.712 349.786
195.5 116.449 117.28 116.938 350.667
196.0 116.805 117.56 117.154 351.518
196.5 117.022 117.678 117.605 352.305
197.0 117.284 117.681 117.958 352.922
197.5 117.808 118.159 118.036 354.003
198.0 118.148 118.685 118.349 355.181
198.5 118.772 119.197 118.839 356.808
199.0 119.432 119.496 119.055 357.983
199.5 119.469 119.751 119.12 358.339
200.0 119.807 119.833 119.402 359.042
