1.0 0.011480926203564884
2.0 0.012213893053473264
3.0 0.01181409295352324
4.0 0.009737353545449499
5.0 0.009219834527180854
6.0 0.00927536231884058
7.0 0.011045588316952635
8.0 0.011129990560275417
9.0 0.010914542728635682
10.0 0.009866178022100061
11.0 0.008491309900605253
12.0 0.008142595368982175
13.0 0.018988283635959797
14.0 0.1011516463990227
15.0 0.3654572713643178
16.0 0.6445466155810983
17.0 0.7579965572769171
18.0 0.781917929923927
19.0 0.7859803431617525
20.0 0.7853428841134988
21.0 0.7866311288800044
22.0 0.7857315786551169
23.0 0.7855716586151369
24.0 0.7858315286801044
25.0 0.7859825642734188
