# Time-averaged data for fix msd_output
# TimeStep Number-of-rows
# Row c_msd_all
0 4
1 0
2 0
3 0
4 0
100 4
1 0.0181329
2 0.0185635
3 0.0184426
4 0.055139
200 4
1 0.0350511
2 0.0349141
3 0.0352793
4 0.105245
300 4
1 0.0506882
2 0.0525525
3 0.0516731
4 0.154914
400 4
1 0.0670557
2 0.0701744
3 0.067908
4 0.205138
500 4
1 0.0834554
2 0.0860471
3 0.0866238
4 0.256126
600 4
1 0.101678
2 0.101031
3 0.104505
4 0.307214
700 4
1 0.119185
2 0.118127
3 0.121623
4 0.358935
800 4
1 0.133817
2 0.134378
3 0.135816
4 0.404011
900 4
1 0.149892
2 0.149692
3 0.150366
4 0.44995
1000 4
1 0.168324
2 0.166819
3 0.167323
4 0.502466
1100 4
1 0.183256
2 0.183677
3 0.184494
4 0.551427
1200 4
1 0.200858
2 0.201048
3 0.20351
4 0.605416
1300 4
1 0.216865
2 0.21726
3 0.222877
4 0.657003
1400 4
1 0.235111
2 0.235751
3 0.240287
4 0.711149
1500 4
1 0.250504
2 0.254743
3 0.256677
4 0.761924
1600 4
1 0.265367
2 0.270685
3 0.270611
4 0.806664
1700 4
1 0.28019
2 0.287431
3 0.284253
4 0.851874
1800 4
1 0.296129
2 0.307588
3 0.298364
4 0.902082
1900 4
1 0.308917
2 0.325378
3 0.312763
4 0.947058
2000 4
1 0.325963
2 0.339478
3 0.331095
4 0.996536
2100 4
1 0.342503
2 0.358505
3 0.347907
4 1.04891
2200 4
1 0.361044
2 0.373834
3 0.366063
4 1.10094
2300 4
1 0.378473
2 0.385584
3 0.385321
4 1.14938
2400 4
1 0.397733
2 0.40177
3 0.401775
4 1.20128
2500 4
1 0.418209
2 0.413967
3 0.417394
4 1.24957
2600 4
1 0.433378
2 0.426374
3 0.43389
4 1.29364
2700 4
1 0.445823
2 0.442685
3 0.44593
4 1.33444
2800 4
1 0.46289
2 0.460259
3 0.460978
4 1.38413
2900 4
1 0.477561
2 0.481047
3 0.475862
4 1.43447
3000 4
1 0.49335
2 0.502608
3 0.493481
4 1.48944
3100 4
1 0.508136
2 0.519508
3 0.508854
4 1.5365
3200 4
1 0.527759
2 0.537247
3 0.525953
4 1.59096
3300 4
1 0.541258
2 0.555525
3 0.540196
4 1.63698
3400 4
1 0.559661
2 0.571259
3 0.558455
4 1.68938
3500 4
1 0.578273
2 0.590079
3 0.578986
4 1.74734
3600 4
1 0.597389
2 0.606767
3 0.596018
4 1.80017
3700 4
1 0.614069
2 0.624737
3 0.612532
4 1.85134
3800 4
1 0.632637
2 0.639598
3 0.62854
4 1.90077
3900 4
1 0.651251
2 0.65899
3 0.644115
4 1.95436
4000 4
1 0.667553
2 0.674235
3 0.658763
4 2.00055
4100 4
1 0.690127
2 0.682035
3 0.673035
4 2.0452
4200 4
1 0.706435
2 0.69528
3 0.694391
4 2.09611
4300 4
1 0.718857
2 0.710446
3 0.709568
4 2.13887
4400 4
1 0.732286
2 0.728601
3 0.724372
4 2.18526
4500 4
1 0.751294
2 0.744839
3 0.735906
4 2.23204
4600 4
1 0.774903
2 0.761031
3 0.751592
4 2.28753
4700 4
1 0.78949
2 0.777082
3 0.767206
4 2.33378
4800 4
1 0.805934
2 0.789005
3 0.781165
4 2.3761
4900 4
1 0.824984
2 0.807923
3 0.794371
4 2.42728
5000 4
1 0.839629
2 0.828461
3 0.81046
4 2.47855
5100 4
1 0.854972
2 0.845326
3 0.82489
4 2.52519
5200 4
1 0.871307
2 0.865189
3 0.840589
4 2.57709
5300 4
1 0.89022
2 0.878844
3 0.855309
4 2.62437
5400 4
1 0.903558
2 0.893192
3 0.872607
4 2.66936
5500 4
1 0.920504
2 0.909241
3 0.893396
4 2.72314
5600 4
1 0.933105
2 0.923246
3 0.911095
4 2.76745
5700 4
1 0.947153
2 0.939034
3 0.92757
4 2.81376
5800 4
1 0.965354
2 0.951542
3 0.945616
4 2.86251
5900 4
1 0.982299
2 0.968462
3 0.962113
4 2.91287
6000 4
1 1.00027
2 0.987897
3 0.978123
4 2.96629
6100 4
1 1.01288
2 1.00472
3 0.991757
4 3.00935
6200 4
1 1.028
2 1.02228
3 1.0049
4 3.05518
6300 4
1 1.04768
2 1.04121
3 1.01615
4 3.10503
6400 4
1 1.07027
2 1.05474
3 1.03157
4 3.15659
6500 4
1 1.09225
2 1.07434
3 1.04988
4 3.21648
6600 4
1 1.11265
2 1.09126
3 1.06805
4 3.27196
6700 4
1 1.12688
2 1.10512
3 1.08629
4 3.31829
6800 4
1 1.14191
2 1.1176
3 1.10086
4 3.36037
6900 4
1 1.15644
2 1.13649
3 1.11771
4 3.41064
7000 4
1 1.16855
2 1.1521
3 1.13312
4 3.45378
7100 4
1 1.18161
2 1.16287
3 1.15144
4 3.49592
7200 4
1 1.19901
2 1.17918
3 1.1735
4 3.55169
7300 4
1 1.21401
2 1.19886
3 1.1931
4 3.60597
7400 4
1 1.22889
2 1.20873
3 1.21293
4 3.65055
7500 4
1 1.24339
2 1.21807
3 1.22356
4 3.68502
7600 4
1 1.26356
2 1.23263
3 1.24031
4 3.7365
7700 4
1 1.28276
2 1.24865
3 1.26312
4 3.79453
7800 4
1 1.29367
2 1.26035
3 1.27799
4 3.83201
7900 4
1 1.3128
2 1.27391
3 1.29095
4 3.87766
8000 4
1 1.33894
2 1.28801
3 1.30972
4 3.93668
8100 4
1 1.35263
2 1.30943
3 1.32166
4 3.98372
8200 4
1 1.37258
2 1.32644
3 1.33337
4 4.03239
8300 4
1 1.3913
2 1.344
3 1.35268
4 4.08798
8400 4
1 1.4154
2 1.36109
3 1.36605
4 4.14254
8500 4
1 1.43196
2 1.37836
3 1.38727
4 4.19758
8600 4
1 1.45001
2 1.3945
3 1.40345
4 4.24796
8700 4
1 1.46742
2 1.40889
3 1.42392
4 4.30023
8800 4
1 1.48878
2 1.42193
3 1.44725
4 4.35796
8900 4
1 1.50664
2 1.43629
3 1.4639
4 4.40683
9000 4
1 1.52973
2 1.45449
3 1.48322
4 4.46744
9100 4
1 1.54985
2 1.46859
3 1.49471
4 4.51315
9200 4
1 1.56652
2 1.48729
3 1.51703
4 4.57084
9300 4
1 1.57951
2 1.50541
3 1.54362
4 4.62854
9400 4
1 1.59116
2 1.51977
3 1.55844
4 4.66936
9500 4
1 1.60472
2 1.54641
3 1.57464
4 4.72578
9600 4
1 1.61992
2 1.56174
3 1.5943
4 4.77596
9700 4
1 1.63299
2 1.5784
3 1.61402
4 4.8254
9800 4
1 1.65843
2 1.59076
3 1.63675
4 4.88594
9900 4
1 1.67433
2 1.61135
3 1.65173
4 4.93741
10000 4
1 1.68859
2 1.62511
3 1.66961
4 4.98331
10100 4
1 1.70436
2 1.64184
3 1.68667
4 5.03287
10200 4
1 1.71597
2 1.65585
3 1.70372
4 5.07554
10300 4
1 1.73298
2 1.67361
3 1.71958
4 5.12617
10400 4
1 1.75464
2 1.69037
3 1.73932
4 5.18433
10500 4
1 1.77351
2 1.70946
3 1.75414
4 5.23711
10600 4
1 1.79391
2 1.72162
3 1.77259
4 5.28813
10700 4
1 1.80862
2 1.73926
3 1.79131
4 5.33919
10800 4
1 1.82498
2 1.75703
3 1.81386
4 5.39586
10900 4
1 1.84434
2 1.77496
3 1.83033
4 5.44963
11000 4
1 1.85948
2 1.79485
3 1.84654
4 5.50086
11100 4
1 1.86936
2 1.80256
3 1.86259
4 5.53451
11200 4
1 1.88669
2 1.82309
3 1.88528
4 5.59506
11300 4
1 1.89762
2 1.8381
3 1.90611
4 5.64183
11400 4
1 1.91033
2 1.85878
3 1.92315
4 5.69225
11500 4
1 1.93272
2 1.87169
3 1.9424
4 5.74682
11600 4
1 1.94771
2 1.8868
3 1.95662
4 5.79113
11700 4
1 1.96111
2 1.90234
3 1.97975
4 5.8432
11800 4
1 1.98271
2 1.91209
3 1.99907
4 5.89387
11900 4
1 1.99243
2 1.92915
3 2.01548
4 5.93705
12000 4
1 2.00824
2 1.94972
3 2.02955
4 5.98751
12100 4
1 2.01708
2 1.97644
3 2.04624
4 6.03976
12200 4
1 2.02785
2 2.00027
3 2.05728
4 6.08541
12300 4
1 2.04505
2 2.01752
3 2.07391
4 6.13648
12400 4
1 2.059
2 2.03696
3 2.09294
4 6.18889
12500 4
1 2.08159
2 2.05165
3 2.11386
4 6.2471
12600 4
1 2.0979
2 2.06351
3 2.12753
4 6.28894
12700 4
1 2.11163
2 2.07423
3 2.1467
4 6.33257
12800 4
1 2.13004
2 2.08716
3 2.15986
4 6.37706
12900 4
1 2.14519
2 2.10401
3 2.17123
4 6.42042
13000 4
1 2.16387
2 2.11628
3 2.19259
4 6.47274
13100 4
1 2.18404
2 2.12943
3 2.2113
4 6.52477
13200 4
1 2.2094
2 2.14274
3 2.22901
4 6.58115
13300 4
1 2.21816
2 2.16285
3 2.24102
4 6.62203
13400 4
1 2.23837
2 2.18124
3 2.24513
4 6.66474
13500 4
1 2.25717
2 2.20166
3 2.257
4 6.71583
13600 4
1 2.27737
2 2.21442
3 2.27338
4 6.76517
13700 4
1 2.28955
2 2.22734
3 2.28795
4 6.80484
13800 4
1 2.30333
2 2.24161
3 2.29581
4 6.84075
13900 4
1 2.32864
2 2.25454
3 2.31422
4 6.8974
14000 4
1 2.35249
2 2.2705
3 2.33357
4 6.95656
14100 4
1 2.36063
2 2.2911
3 2.34245
4 6.99417
14200 4
1 2.37452
2 2.3032
3 2.35629
4 7.03402
14300 4
1 2.39562
2 2.31147
3 2.37161
4 7.07871
14400 4
1 2.41322
2 2.32609
3 2.39098
4 7.1303
14500 4
1 2.43284
2 2.3442
3 2.40761
4 7.18465
14600 4
1 2.45144
2 2.36308
3 2.43063
4 7.24515
14700 4
1 2.46181
2 2.38117
3 2.45154
4 7.29452
14800 4
1 2.48612
2 2.40162
3 2.46501
4 7.35276
14900 4
1 2.49787
2 2.41704
3 2.4737
4 7.38861
15000 4
1 2.51749
2 2.43312
3 2.49442
4 7.44503
15100 4
1 2.53449
2 2.45207
3 2.51377
4 7.50033
15200 4
1 2.55289
2 2.47546
3 2.5341
4 7.56245
15300 4
1 2.57685
2 2.50454
3 2.55061
4 7.632
15400 4
1 2.60139
2 2.52222
3 2.56806
4 7.69166
15500 4
1 2.6152
2 2.5408
3 2.58287
4 7.73887
15600 4
1 2.62739
2 2.55152
3 2.60526
4 7.78418
15700 4
1 2.63896
2 2.56311
3 2.63014
4 7.83221
15800 4
1 2.65851
2 2.58523
3 2.648
4 7.89173
15900 4
1 2.67217
2 2.60491
3 2.65841
4 7.93549
16000 4
1 2.69048
2 2.62611
3 2.66923
4 7.98582
16100 4
1 2.70664
2 2.65379
3 2.68524
4 8.04567
16200 4
1 2.71257
2 2.67478
3 2.6923
4 8.07965
16300 4
1 2.72463
2 2.70307
3 2.70101
4 8.12871
16400 4
1 2.73624
2 2.72228
3 2.71867
4 8.17719
16500 4
1 2.75551
2 2.7398
3 2.73009
4 8.2254
16600 4
1 2.77393
2 2.77042
3 2.73485
4 8.27921
16700 4
1 2.79081
2 2.78854
3 2.74556
4 8.32491
16800 4
1 2.81469
2 2.80387
3 2.76246
4 8.38102
16900 4
1 2.82599
2 2.82427
3 2.77402
4 8.42427
17000 4
1 2.84332
2 2.83608
3 2.79391
4 8.4733
17100 4
1 2.86983
2 2.86162
3 2.80824
4 8.53969
17200 4
1 2.88197
2 2.88093
3 2.81885
4 8.58175
17300 4
1 2.90953
2 2.90383
3 2.83923
4 8.65258
17400 4
1 2.9293
2 2.91788
3 2.85074
4 8.69792
17500 4
1 2.93857
2 2.92581
3 2.87043
4 8.73481
17600 4
1 2.96297
2 2.94363
3 2.88821
4 8.79481
17700 4
1 2.98252
2 2.95462
3 2.90536
4 8.84249
17800 4
1 2.98935
2 2.98036
3 2.92564
4 8.89535
17900 4
1 3.00665
2 2.99528
3 2.93819
4 8.94013
18000 4
1 3.02024
2 3.01179
3 2.95232
4 8.98436
18100 4
1 3.03954
2 3.02992
3 2.96419
4 9.03365
18200 4
1 3.05879
2 3.04243
3 2.98878
4 9.09001
18300 4
1 3.0817
2 3.05942
3 3.00801
4 9.14913
18400 4
1 3.09838
2 3.08021
3 3.02026
4 9.19885
18500 4
1 3.12332
2 3.10276
3 3.0383
4 9.26439
18600 4
1 3.14509
2 3.11635
3 3.05451
4 9.31596
18700 4
1 3.15996
2 3.13384
3 3.05957
4 9.35337
18800 4
1 3.17231
2 3.14346
3 3.07765
4 9.39342
18900 4
1 3.18369
2 3.15951
3 3.09737
4 9.44057
19000 4
1 3.20402
2 3.17366
3 3.12154
4 9.49923
19100 4
1 3.22041
2 3.1887
3 3.13866
4 9.54776
19200 4
1 3.23778
2 3.20728
3 3.14887
4 9.59393
19300 4
1 3.24822
2 3.23437
3 3.16461
4 9.6472
19400 4
1 3.26373
2 3.25285
3 3.1794
4 9.69598
19500 4
1 3.28361
2 3.27134
3 3.20133
4 9.75629
19600 4
1 3.31431
2 3.28443
3 3.22849
4 9.82724
19700 4
1 3.33088
2 3.29807
3 3.24914
4 9.87809
19800 4
1 3.36031
2 3.31532
3 3.26743
4 9.94306
19900 4
1 3.38736
2 3.32741
3 3.28877
4 10.0035
20000 4
1 3.41058
2 3.35121
3 3.30418
4 10.066
20100 4
1 3.42164
2 3.36972
3 3.32476
4 10.1161
20200 4
1 3.44124
2 3.39102
3 3.34625
4 10.1785
20300 4
1 3.46105
2 3.41047
3 3.36503
4 10.2365
20400 4
1 3.48142
2 3.41956
3 3.38751
4 10.2885
20500 4
1 3.48805
2 3.44061
3 3.40506
4 10.3337
20600 4
1 3.5191
2 3.44751
3 3.4224
4 10.389
20700 4
1 3.53723
2 3.46331
3 3.44425
4 10.4448
20800 4
1 3.56101
2 3.47089
3 3.46724
4 10.4991
20900 4
1 3.57075
2 3.48459
3 3.49273
4 10.5481
21000 4
1 3.58608
2 3.49868
3 3.51412
4 10.5989
21100 4
1 3.60112
2 3.50585
3 3.53634
4 10.6433
21200 4
1 3.61575
2 3.53313
3 3.54963
4 10.6985
21300 4
1 3.63256
2 3.54654
3 3.57024
4 10.7493
21400 4
1 3.64306
2 3.56225
3 3.59381
4 10.7991
21500 4
1 3.6568
2 3.5776
3 3.60502
4 10.8394
21600 4
1 3.67758
2 3.59942
3 3.62024
4 10.8972
21700 4
1 3.69252
2 3.61046
3 3.63557
4 10.9386
21800 4
1 3.70702
2 3.62644
3 3.64728
4 10.9807
21900 4
1 3.71907
2 3.64208
3 3.65904
4 11.0202
22000 4
1 3.73531
2 3.65509
3 3.68144
4 11.0718
22100 4
1 3.75763
2 3.6787
3 3.6971
4 11.1334
22200 4
1 3.77178
2 3.69281
3 3.70781
4 11.1724
22300 4
1 3.78306
2 3.70263
3 3.71953
4 11.2052
22400 4
1 3.8073
2 3.726
3 3.74154
4 11.2748
22500 4
1 3.8191
2 3.74532
3 3.75104
4 11.3155
22600 4
1 3.84142
2 3.75812
3 3.766
4 11.3655
22700 4
1 3.86249
2 3.7648
3 3.76978
4 11.3971
22800 4
1 3.87972
2 3.78539
3 3.78113
4 11.4462
22900 4
1 3.87993
2 3.80586
3 3.79365
4 11.4794
23000 4
1 3.9007
2 3.8279
3 3.81446
4 11.5431
23100 4
1 3.92261
2 3.8477
3 3.83068
4 11.601
23200 4
1 3.92991
2 3.86524
3 3.83782
4 11.633
23300 4
1 3.94965
2 3.88917
3 3.84992
4 11.6888
23400 4
1 3.96671
2 3.90864
3 3.87788
4 11.7532
23500 4
1 3.98377
2 3.91869
3 3.88725
4 11.7897
23600 4
1 3.99639
2 3.93065
3 3.89815
4 11.8252
23700 4
1 4.01312
2 3.95019
3 3.91117
4 11.8745
23800 4
1 4.02274
2 3.96431
3 3.93089
4 11.9179
23900 4
1 4.03708
2 3.97961
3 3.93025
4 11.9469
24000 4
1 4.06326
2 3.99397
3 3.94214
4 11.9994
24100 4
1 4.07107
2 4.00297
3 3.96276
4 12.0368
24200 4
1 4.08925
2 4.02194
3 3.98757
4 12.0987
24300 4
1 4.10472
2 4.0409
3 4.00189
4 12.1475
24400 4
1 4.11881
2 4.04797
3 4.02514
4 12.1919
24500 4
1 4.13257
2 4.06763
3 4.0508
4 12.251
24600 4
1 4.16072
2 4.08878
3 4.06809
4 12.3176
24700 4
1 4.18072
2 4.09823
3 4.08622
4 12.3652
24800 4
1 4.19655
2 4.11436
3 4.1044
4 12.4153
24900 4
1 4.20409
2 4.13713
3 4.12713
4 12.4684
25000 4
1 4.2186
2 4.16793
3 4.1434
4 12.5299
25100 4
1 4.23106
2 4.17965
3 4.1525
4 12.5632
25200 4
1 4.23889
2 4.19949
3 4.17033
4 12.6087
25300 4
1 4.25282
2 4.21774
3 4.18152
4 12.6521
25400 4
1 4.25821
2 4.22608
3 4.18861
4 12.6729
25500 4
1 4.28425
2 4.24359
3 4.20715
4 12.735
25600 4
1 4.30433
2 4.24563
3 4.21774
4 12.7677
25700 4
1 4.32256
2 4.2608
3 4.2289
4 12.8123
25800 4
1 4.32933
2 4.28002
3 4.25149
4 12.8608
25900 4
1 4.34497
2 4.28216
3 4.27961
4 12.9067
26000 4
1 4.36237
2 4.30079
3 4.29331
4 12.9565
26100 4
1 4.37224
2 4.32672
3 4.30602
4 13.005
26200 4
1 4.38976
2 4.35437
3 4.32394
4 13.0681
26300 4
1 4.41151
2 4.37719
3 4.32813
4 13.1168
26400 4
1 4.44377
2 4.3906
3 4.34613
4 13.1805
26500 4
1 4.45836
2 4.41164
3 4.369
4 13.239
26600 4
1 4.47532
2 4.44104
3 4.37675
4 13.2931
26700 4
1 4.48641
2 4.46533
3 4.38861
4 13.3403
26800 4
1 4.4925
2 4.49253
3 4.40286
4 13.3879
26900 4
1 4.48816
2 4.52111
3 4.41587
4 13.4251
27000 4
1 4.49788
2 4.53876
3 4.43538
4 13.472
27100 4
1 4.50561
2 4.56106
3 4.44776
4 13.5144
27200 4
1 4.52553
2 4.57719
3 4.45914
4 13.5619
27300 4
1 4.55549
2 4.58929
3 4.474
4 13.6188
27400 4
1 4.58961
2 4.60636
3 4.48038
4 13.6763
27500 4
1 4.60997
2 4.61924
3 4.50412
4 13.7333
27600 4
1 4.61896
2 4.6451
3 4.52401
4 13.7881
27700 4
1 4.64099
2 4.66565
3 4.54604
4 13.8527
27800 4
1 4.64708
2 4.68463
3 4.5636
4 13.8953
27900 4
1 4.66046
2 4.69531
3 4.57774
4 13.9335
28000 4
1 4.68289
2 4.70407
3 4.60431
4 13.9913
28100 4
1 4.71016
2 4.71077
3 4.62327
4 14.0442
28200 4
1 4.72905
2 4.72868
3 4.6444
4 14.1021
28300 4
1 4.73382
2 4.74372
3 4.65153
4 14.1291
28400 4
1 4.74619
2 4.76618
3 4.66148
4 14.1738
28500 4
1 4.76461
2 4.79001
3 4.67915
4 14.2338
28600 4
1 4.79034
2 4.80352
3 4.68695
4 14.2808
28700 4
1 4.81934
2 4.81709
3 4.6904
4 14.3268
28800 4
1 4.83938
2 4.82255
3 4.69898
4 14.3609
28900 4
1 4.86677
2 4.84084
3 4.71261
4 14.4202
29000 4
1 4.90383
2 4.85022
3 4.73615
4 14.4902
29100 4
1 4.9287
2 4.86984
3 4.74225
4 14.5408
29200 4
1 4.94229
2 4.88412
3 4.76333
4 14.5897
29300 4
1 4.96867
2 4.90377
3 4.78236
4 14.6548
29400 4
1 4.98858
2 4.92642
3 4.79652
4 14.7115
29500 4
1 4.98557
2 4.95765
3 4.82012
4 14.7634
29600 4
1 5.0007
2 4.97942
3 4.84906
4 14.8292
29700 4
1 5.02961
2 5.01072
3 4.86917
4 14.9095
29800 4
1 5.03897
2 5.03646
3 4.88726
4 14.9627
29900 4
1 5.06005
2 5.04866
3 4.89906
4 15.0078
30000 4
1 5.06778
2 5.0554
3 4.90755
4 15.0307
30100 4
1 5.07534
2 5.0692
3 4.92085
4 15.0654
30200 4
1 5.08698
2 5.08045
3 4.93463
4 15.1021
30300 4
1 5.10964
2 5.09189
3 4.95177
4 15.1533
30400 4
1 5.12942
2 5.1073
3 4.96908
4 15.2058
30500 4
1 5.14259
2 5.12421
3 4.9829
4 15.2497
30600 4
1 5.16004
2 5.15872
3 5.00784
4 15.3266
30700 4
1 5.18983
2 5.18329
3 5.0208
4 15.3939
30800 4
1 5.20422
2 5.20338
3 5.04549
4 15.4531
30900 4
1 5.22362
2 5.22015
3 5.06077
4 15.5045
31000 4
1 5.24546
2 5.24139
3 5.07381
4 15.5607
31100 4
1 5.25179
2 5.24984
3 5.09053
4 15.5922
31200 4
1 5.27814
2 5.26903
3 5.11229
4 15.6595
31300 4
1 5.29794
2 5.28675
3 5.13543
4 15.7201
31400 4
1 5.30074
2 5.30821
3 5.15794
4 15.7669
31500 4
1 5.3141
2 5.33383
3 5.18357
4 15.8315
31600 4
1 5.33696
2 5.34434
3 5.20691
4 15.8882
31700 4
1 5.35973
2 5.35669
3 5.21304
4 15.9295
31800 4
1 5.3706
2 5.35704
3 5.21669
4 15.9443
31900 4
1 5.37865
2 5.36505
3 5.24712
4 15.9908
32000 4
1 5.40236
2 5.38183
3 5.26901
4 16.0532
32100 4
1 5.41289
2 5.40398
3 5.28625
4 16.1031
32200 4
1 5.42347
2 5.42338
3 5.29196
4 16.1388
32300 4
1 5.43301
2 5.43946
3 5.31605
4 16.1885
32400 4
1 5.44794
2 5.45882
3 5.33062
4 16.2374
32500 4
1 5.45962
2 5.47586
3 5.35591
4 16.2914
32600 4
1 5.46343
2 5.49999
3 5.37633
4 16.3397
32700 4
1 5.48124
2 5.5206
3 5.40083
4 16.4027
32800 4
1 5.49826
2 5.54767
3 5.42309
4 16.469
32900 4
1 5.51739
2 5.55953
3 5.44694
4 16.5239
33000 4
1 5.53941
2 5.57522
3 5.44957
4 16.5642
33100 4
1 5.56034
2 5.59362
3 5.47277
4 16.6267
33200 4
1 5.58288
2 5.61839
3 5.47382
4 16.6751
33300 4
1 5.59167
2 5.62598
3 5.48449
4 16.7021
33400 4
1 5.60609
2 5.64077
3 5.50228
4 16.7491
33500 4
1 5.63271
2 5.65396
3 5.5118
4 16.7985
33600 4
1 5.65644
2 5.66502
3 5.52041
4 16.8419
33700 4
1 5.66837
2 5.6871
3 5.54686
4 16.9023
33800 4
1 5.69337
2 5.70087
3 5.57776
4 16.972
33900 4
1 5.71372
2 5.71906
3 5.58288
4 17.0157
34000 4
1 5.73405
2 5.73124
3 5.60257
4 17.0679
34100 4
1 5.75294
2 5.74197
3 5.62408
4 17.119
34200 4
1 5.77253
2 5.74256
3 5.62838
4 17.1435
34300 4
1 5.78916
2 5.76598
3 5.63316
4 17.1883
34400 4
1 5.79861
2 5.78621
3 5.65368
4 17.2385
34500 4
1 5.79438
2 5.79245
3 5.66812
4 17.255
34600 4
1 5.80594
2 5.803
3 5.68656
4 17.2955
34700 4
1 5.81544
2 5.81812
3 5.70874
4 17.3423
34800 4
1 5.82745
2 5.83512
3 5.74819
4 17.4107
34900 4
1 5.84041
2 5.84294
3 5.76039
4 17.4437
35000 4
1 5.84426
2 5.86203
3 5.77179
4 17.4781
35100 4
1 5.85593
2 5.8848
3 5.78015
4 17.5209
35200 4
1 5.86913
2 5.89581
3 5.7898
4 17.5547
35300 4
1 5.87331
2 5.90575
3 5.81233
4 17.5914
35400 4
1 5.90934
2 5.91293
3 5.82631
4 17.6486
35500 4
1 5.92545
2 5.91687
3 5.83648
4 17.6788
35600 4
1 5.9347
2 5.93913
3 5.86336
4 17.7372
35700 4
1 5.95135
2 5.96468
3 5.8799
4 17.7959
35800 4
1 5.96543
2 5.98909
3 5.90524
4 17.8598
35900 4
1 5.9728
2 5.99823
3 5.91645
4 17.8875
36000 4
1 5.98112
2 6.01179
3 5.93394
4 17.9268
36100 4
1 5.99617
2 6.03445
3 5.94613
4 17.9767
36200 4
1 6.00062
2 6.05823
3 5.96017
4 18.019
36300 4
1 6.00209
2 6.07171
3 5.97694
4 18.0507
36400 4
1 6.02055
2 6.09772
3 5.98691
4 18.1052
36500 4
1 6.04693
2 6.10708
3 6.02183
4 18.1758
36600 4
1 6.05252
2 6.11241
3 6.04949
4 18.2144
36700 4
1 6.05985
2 6.10818
3 6.06543
4 18.2335
36800 4
1 6.06101
2 6.12563
3 6.07693
4 18.2636
36900 4
1 6.07918
2 6.14595
3 6.10453
4 18.3297
37000 4
1 6.0938
2 6.16351
3 6.11729
4 18.3746
37100 4
1 6.11262
2 6.17383
3 6.13894
4 18.4254
37200 4
1 6.14616
2 6.1985
3 6.15673
4 18.5014
37300 4
1 6.17129
2 6.19736
3 6.17277
4 18.5414
37400 4
1 6.18929
2 6.22645
3 6.17882
4 18.5946
37500 4
1 6.19144
2 6.24832
3 6.20279
4 18.6425
37600 4
1 6.22536
2 6.24784
3 6.20439
4 18.6776
37700 4
1 6.25439
2 6.26531
3 6.21446
4 18.7342
37800 4
1 6.27337
2 6.27773
3 6.24582
4 18.7969
37900 4
1 6.29485
2 6.29028
3 6.28231
4 18.8674
38000 4
1 6.31179
2 6.30183
3 6.29885
4 18.9125
38100 4
1 6.32322
2 6.32182
3 6.32145
4 18.9665
38200 4
1 6.34083
2 6.35405
3 6.33939
4 19.0343
38300 4
1 6.35371
2 6.36489
3 6.36498
4 19.0836
38400 4
1 6.37414
2 6.39312
3 6.38248
4 19.1497
38500 4
1 6.37453
2 6.39977
3 6.3863
4 19.1606
38600 4
1 6.38318
2 6.41884
3 6.40533
4 19.2073
38700 4
1 6.38875
2 6.43869
3 6.43656
4 19.264
38800 4
1 6.40551
2 6.47121
3 6.4515
4 19.3282
38900 4
1 6.43433
2 6.49547
3 6.47667
4 19.4065
39000 4
1 6.45059
2 6.50539
3 6.49333
4 19.4493
39100 4
1 6.47383
2 6.51839
3 6.50584
4 19.4981
39200 4
1 6.49347
2 6.53388
3 6.51784
4 19.5452
39300 4
1 6.50554
2 6.5405
3 6.54275
4 19.5888
39400 4
1 6.51999
2 6.54056
3 6.5623
4 19.6229
39500 4
1 6.54902
2 6.56714
3 6.56659
4 19.6827
39600 4
1 6.56791
2 6.59642
3 6.58396
4 19.7483
39700 4
1 6.60262
2 6.62456
3 6.61093
4 19.8381
39800 4
1 6.63925
2 6.64111
3 6.62281
4 19.9032
39900 4
1 6.64145
2 6.6552
3 6.62632
4 19.923
40000 4
1 6.6606
2 6.65975
3 6.64205
4 19.9624
