0.0 0.0 0.0 0.0 0.0
0.5 0.0181329 0.0185635 0.0184426 0.055139
1.0 0.0350511 0.0349141 0.0352793 0.105245
1.5 0.0506882 0.0525525 0.0516731 0.154914
2.0 0.0670557 0.0701744 0.067908 0.205138
2.5 0.0834554 0.0860471 0.0866238 0.256126
3.0 0.101678 0.101031 0.104505 0.307214
3.5 0.119185 0.118127 0.121623 0.358935
4.0 0.133817 0.134378 0.135816 0.404011
4.5 0.149892 0.149692 0.150366 0.44995
5.0 0.168324 0.166819 0.167323 0.502466
5.5 0.183256 0.183677 0.184494 0.551427
6.0 0.200858 0.201048 0.20351 0.605416
6.5 0.216865 0.21726 0.222877 0.657003
7.0 0.235111 0.235751 0.240287 0.711149
7.5 0.250504 0.254743 0.256677 0.761924
8.0 0.265367 0.270685 0.270611 0.806664
8.5 0.28019 0.287431 0.284253 0.851874
9.0 0.296129 0.307588 0.298364 0.902082
9.5 0.308917 0.325378 0.312763 0.947058
10.0 0.325963 0.339478 0.331095 0.996536
10.5 0.342503 0.358505 0.347907 1.04891
11.0 0.361044 0.373834 0.366063 1.10094
11.5 0.378473 0.385584 0.385321 1.14938
12.0 0.397733 0.40177 0.401775 1.20128
12.5 0.418209 0.413967 0.417394 1.24957
13.0 0.433378 0.426374 0.43389 1.29364
13.5 0.445823 0.442685 0.44593 1.33444
14.0 0.46289 0.460259 0.460978 1.38413
14.5 0.477561 0.481047 0.475862 1.43447
15.0 0.49335 0.502608 0.493481 1.48944
15.5 0.508136 0.519508 0.508854 1.5365
16.0 0.527759 0.537247 0.525953 1.59096
16.5 0.541258 0.555525 0.540196 1.63698
17.0 0.559661 0.571259 0.558455 1.68938
17.5 0.578273 0.590079 0.578986 1.74734
18.0 0.597389 0.606767 0.596018 1.80017
18.5 0.614069 0.624737 0.612532 1.85134
19.0 0.632637 0.639598 0.62854 1.90077
19.5 0.651251 0.65899 0.644115 1.95436
20.0 0.667553 0.674235 0.658763 2.00055
20.5 0.690127 0.682035 0.673035 2.0452
21.0 0.706435 0.69528 0.694391 2.09611
21.5 0.718857 0.710446 0.709568 2.13887
22.0 0.732286 0.728601 0.724372 2.18526
22.5 0.751294 0.744839 0.735906 2.23204
23.0 0.774903 0.761031 0.751592 2.28753
23.5 0.78949 0.777082 0.767206 2.33378
24.0 0.805934 0.789005 0.781165 2.3761
24.5 0.824984 0.807923 0.794371 2.42728
25.0 0.839629 0.828461 0.81046 2.47855
25.5 0.854972 0.845326 0.82489 2.52519
26.0 0.871307 0.865189 0.840589 2.57709
26.5 0.89022 0.878844 0.855309 2.62437
27.0 0.903558 0.893192 0.872607 2.66936
27.5 0.920504 0.909241 0.893396 2.72314
28.0 0.933105 0.923246 0.911095 2.76745
28.5 0.947153 0.939034 0.92757 2.81376
29.0 0.965354 0.951542 0.945616 2.86251
29.5 0.982299 0.968462 0.962113 2.91287
30.0 1.00027 0.987897 0.978123 2.96629
30.5 1.01288 1.00472 0.991757 3.00935
31.0 1.028 1.02228 1.0049 3.05518
31.5 1.04768 1.04121 1.01615 3.10503
32.0 1.07027 1.05474 1.03157 3.15659
32.5 1.09225 1.07434 1.04988 3.21648
33.0 1.11265 1.09126 1.06805 3.27196
33.5 1.12688 1.10512 1.08629 3.31829
34.0 1.14191 1.1176 1.10086 3.36037
34.5 1.15644 1.13649 1.11771 3.41064
35.0 1.16855 1.1521 1.13312 3.45378
35.5 1.18161 1.16287 1.15144 3.49592
36.0 1.19901 1.17918 1.1735 3.55169
36.5 1.21401 1.19886 1.1931 3.60597
37.0 1.22889 1.20873 1.21293 3.65055
37.5 1.24339 1.21807 1.22356 3.68502
38.0 1.26356 1.23263 1.24031 3.7365
38.5 1.28276 1.24865 1.26312 3.79453
39.0 1.29367 1.26035 1.27799 3.83201
39.5 1.3128 1.27391 1.29095 3.87766
40.0 1.33894 1.28801 1.30972 3.93668
40.5 1.35263 1.30943 1.32166 3.98372
41.0 1.37258 1.32644 1.33337 4.03239
41.5 1.3913 1.344 1.35268 4.08798
42.0 1.4154 1.36109 1.36605 4.14254
42.5 1.43196 1.37836 1.38727 4.19758
43.0 1.45001 1.3945 1.40345 4.24796
43.5 1.46742 1.40889 1.42392 4.30023
44.0 1.48878 1.42193 1.44725 4.35796
44.5 1.50664 1.43629 1.4639 4.40683
45.0 1.52973 1.45449 1.48322 4.46744
45.5 1.54985 1.46859 1.49471 4.51315
46.0 1.56652 1.48729 1.51703 4.57084
46.5 1.57951 1.50541 1.54362 4.62854
47.0 1.59116 1.51977 1.55844 4.66936
47.5 1.60472 1.54641 1.57464 4.72578
48.0 1.61992 1.56174 1.5943 4.77596
48.5 1.63299 1.5784 1.61402 4.8254
49.0 1.65843 1.59076 1.63675 4.88594
49.5 1.67433 1.61135 1.65173 4.93741
50.0 1.68859 1.62511 1.66961 4.98331
50.5 1.70436 1.64184 1.68667 5.03287
51.0 1.71597 1.65585 1.70372 5.07554
51.5 1.73298 1.67361 1.71958 5.12617
52.0 1.75464 1.69037 1.73932 5.18433
52.5 1.77351 1.70946 1.75414 5.23711
53.0 1.79391 1.72162 1.77259 5.28813
53.5 1.80862 1.73926 1.79131 5.33919
54.0 1.82498 1.75703 1.81386 5.39586
54.5 1.84434 1.77496 1.83033 5.44963
55.0 1.85948 1.79485 1.84654 5.50086
55.5 1.86936 1.80256 1.86259 5.53451
56.0 1.88669 1.82309 1.88528 5.59506
56.5 1.89762 1.8381 1.90611 5.64183
57.0 1.91033 1.85878 1.92315 5.69225
57.5 1.93272 1.87169 1.9424 5.74682
58.0 1.94771 1.8868 1.95662 5.79113
58.5 1.96111 1.90234 1.97975 5.8432
59.0 1.98271 1.91209 1.99907 5.89387
59.5 1.99243 1.92915 2.01548 5.93705
60.0 2.00824 1.94972 2.02955 5.98751
60.5 2.01708 1.97644 2.04624 6.03976
61.0 2.02785 2.00027 2.05728 6.08541
61.5 2.04505 2.01752 2.07391 6.13648
62.0 2.059 2.03696 2.09294 6.18889
62.5 2.08159 2.05165 2.11386 6.2471
63.0 2.0979 2.06351 2.12753 6.28894
63.5 2.11163 2.07423 2.1467 6.33257
64.0 2.13004 2.08716 2.15986 6.37706
64.5 2.14519 2.10401 2.17123 6.42042
65.0 2.16387 2.11628 2.19259 6.47274
65.5 2.18404 2.12943 2.2113 6.52477
66.0 2.2094 2.14274 2.22901 6.58115
66.5 2.21816 2.16285 2.24102 6.62203
67.0 2.23837 2.18124 2.24513 6.66474
67.5 2.25717 2.20166 2.257 6.71583
68.0 2.27737 2.21442 2.27338 6.76517
68.5 2.28955 2.22734 2.28795 6.80484
69.0 2.30333 2.24161 2.29581 6.84075
69.5 2.32864 2.25454 2.31422 6.8974
70.0 2.35249 2.2705 2.33357 6.95656
70.5 2.36063 2.2911 2.34245 6.99417
71.0 2.37452 2.3032 2.35629 7.03402
71.5 2.39562 2.31147 2.37161 7.07871
72.0 2.41322 2.32609 2.39098 7.1303
72.5 2.43284 2.3442 2.40761 7.18465
73.0 2.45144 2.36308 2.43063 7.24515
73.5 2.46181 2.38117 2.45154 7.29452
74.0 2.48612 2.40162 2.46501 7.35276
74.5 2.49787 2.41704 2.4737 7.38861
75.0 2.51749 2.43312 2.49442 7.44503
75.5 2.53449 2.45207 2.51377 7.50033
76.0 2.55289 2.47546 2.5341 7.56245
76.5 2.57685 2.50454 2.55061 7.632
77.0 2.60139 2.52222 2.56806 7.69166
77.5 2.6152 2.5408 2.58287 7.73887
78.0 2.62739 2.55152 2.60526 7.78418
78.5 2.63896 2.56311 2.63014 7.83221
79.0 2.65851 2.58523 2.648 7.89173
79.5 2.67217 2.60491 2.65841 7.93549
80.0 2.69048 2.62611 2.66923 7.98582
80.5 2.70664 2.65379 2.68524 8.04567
81.0 2.71257 2.67478 2.6923 8.07965
81.5 2.72463 2.70307 2.70101 8.12871
82.0 2.73624 2.72228 2.71867 8.17719
82.5 2.75551 2.7398 2.73009 8.2254
83.0 2.77393 2.77042 2.73485 8.27921
83.5 2.79081 2.78854 2.74556 8.32491
84.0 2.81469 2.80387 2.76246 8.38102
84.5 2.82599 2.82427 2.77402 8.42427
85.0 2.84332 2.83608 2.79391 8.4733
85.5 2.86983 2.86162 2.80824 8.53969
86.0 2.88197 2.88093 2.81885 8.58175
86.5 2.90953 2.90383 2.83923 8.65258
87.0 2.9293 2.91788 2.85074 8.69792
87.5 2.93857 2.92581 2.87043 8.73481
88.0 2.96297 2.94363 2.88821 8.79481
88.5 2.98252 2.95462 2.90536 8.84249
89.0 2.98935 2.98036 2.92564 8.89535
89.5 3.00665 2.99528 2.93819 8.94013
90.0 3.02024 3.01179 2.95232 8.98436
90.5 3.03954 3.02992 2.96419 9.03365
91.0 3.05879 3.04243 2.98878 9.09001
91.5 3.0817 3.05942 3.00801 9.14913
92.0 3.09838 3.08021 3.02026 9.19885
92.5 3.12332 3.10276 3.0383 9.26439
93.0 3.14509 3.11635 3.05451 9.31596
93.5 3.15996 3.13384 3.05957 9.35337
94.0 3.17231 3.14346 3.07765 9.39342
94.5 3.18369 3.15951 3.09737 9.44057
95.0 3.20402 3.17366 3.12154 9.49923
95.5 3.22041 3.1887 3.13866 9.54776
96.0 3.23778 3.20728 3.14887 9.59393
96.5 3.24822 3.23437 3.16461 9.6472
97.0 3.26373 3.25285 3.1794 9.69598
97.5 3.28361 3.27134 3.20133 9.75629
98.0 3.31431 3.28443 3.22849 9.82724
98.5 3.33088 3.29807 3.24914 9.87809
99.0 3.36031 3.31532 3.26743 9.94306
99.5 3.38736 3.32741 3.28877 10.0035
100.0 3.41058 3.35121 3.30418 10.066
100.5 3.42164 3.36972 3.32476 10.1161
101.0 3.44124 3.39102 3.34625 10.1785
101.5 3.46105 3.41047 3.36503 10.2365
102.0 3.48142 3.41956 3.38751 10.2885
102.5 3.48805 3.44061 3.40506 10.3337
103.0 3.5191 3.44751 3.4224 10.389
103.5 3.53723 3.46331 3.44425 10.4448
104.0 3.56101 3.47089 3.46724 10.4991
104.5 3.57075 3.48459 3.49273 10.5481
105.0 3.58608 3.49868 3.51412 10.5989
105.5 3.60112 3.50585 3.53634 10.6433
106.0 3.61575 3.53313 3.54963 10.6985
106.5 3.63256 3.54654 3.57024 10.7493
107.0 3.64306 3.56225 3.59381 10.7991
107.5 3.6568 3.5776 3.60502 10.8394
108.0 3.67758 3.59942 3.62024 10.8972
108.5 3.69252 3.61046 3.63557 10.9386
109.0 3.70702 3.62644 3.64728 10.9807
109.5 3.71907 3.64208 3.65904 11.0202
110.0 3.73531 3.65509 3.68144 11.0718
110.5 3.75763 3.6787 3.6971 11.1334
111.0 3.77178 3.69281 3.70781 11.1724
111.5 3.78306 3.70263 3.71953 11.2052
112.0 3.8073 3.726 3.74154 11.2748
112.5 3.8191 3.74532 3.75104 11.3155
113.0 3.84142 3.75812 3.766 11.3655
113.5 3.86249 3.7648 3.76978 11.3971
114.0 3.87972 3.78539 3.78113 11.4462
114.5 3.87993 3.80586 3.79365 11.4794
115.0 3.9007 3.8279 3.81446 11.5431
115.5 3.92261 3.8477 3.83068 11.601
116.0 3.92991 3.86524 3.83782 11.633
116.5 3.94965 3.88917 3.84992 11.6888
117.0 3.96671 3.90864 3.87788 11.7532
117.5 3.98377 3.91869 3.88725 11.7897
118.0 3.99639 3.93065 3.89815 11.8252
118.5 4.01312 3.95019 3.91117 11.8745
119.0 4.02274 3.96431 3.93089 11.9179
119.5 4.03708 3.97961 3.93025 11.9469
120.0 4.06326 3.99397 3.94214 11.9994
120.5 4.07107 4.00297 3.96276 12.0368
121.0 4.08925 4.02194 3.98757 12.0987
121.5 4.10472 4.0409 4.00189 12.1475
122.0 4.11881 4.04797 4.02514 12.1919
122.5 4.13257 4.06763 4.0508 12.251
123.0 4.16072 4.08878 4.06809 12.3176
123.5 4.18072 4.09823 4.08622 12.3652
124.0 4.19655 4.11436 4.1044 12.4153
124.5 4.20409 4.13713 4.12713 12.4684
125.0 4.2186 4.16793 4.1434 12.5299
125.5 4.23106 4.17965 4.1525 12.5632
126.0 4.23889 4.19949 4.17033 12.6087
126.5 4.25282 4.21774 4.18152 12.6521
127.0 4.25821 4.22608 4.18861 12.6729
127.5 4.28425 4.24359 4.20715 12.735
128.0 4.30433 4.24563 4.21774 12.7677
128.5 4.32256 4.2608 4.2289 12.8123
129.0 4.32933 4.28002 4.25149 12.8608
129.5 4.34497 4.28216 4.27961 12.9067
130.0 4.36237 4.30079 4.29331 12.9565
130.5 4.37224 4.32672 4.30602 13.005
131.0 4.38976 4.35437 4.32394 13.0681
131.5 4.41151 4.37719 4.32813 13.1168
132.0 4.44377 4.3906 4.34613 13.1805
132.5 4.45836 4.41164 4.369 13.239
133.0 4.47532 4.44104 4.37675 13.2931
133.5 4.48641 4.46533 4.38861 13.3403
134.0 4.4925 4.49253 4.40286 13.3879
134.5 4.48816 4.52111 4.41587 13.4251
135.0 4.49788 4.53876 4.43538 13.472
135.5 4.50561 4.56106 4.44776 13.5144
136.0 4.52553 4.57719 4.45914 13.5619
136.5 4.55549 4.58929 4.474 13.6188
137.0 4.58961 4.60636 4.48038 13.6763
137.5 4.60997 4.61924 4.50412 13.7333
138.0 4.61896 4.6451 4.52401 13.7881
138.5 4.64099 4.66565 4.54604 13.8527
139.0 4.64708 4.68463 4.5636 13.8953
139.5 4.66046 4.69531 4.57774 13.9335
140.0 4.68289 4.70407 4.60431 13.9913
140.5 4.71016 4.71077 4.62327 14.0442
141.0 4.72905 4.72868 4.6444 14.1021
141.5 4.73382 4.74372 4.65153 14.1291
142.0 4.74619 4.76618 4.66148 14.1738
142.5 4.76461 4.79001 4.67915 14.2338
143.0 4.79034 4.80352 4.68695 14.2808
143.5 4.81934 4.81709 4.6904 14.3268
144.0 4.83938 4.82255 4.69898 14.3609
144.5 4.86677 4.84084 4.71261 14.4202
145.0 4.90383 4.85022 4.73615 14.4902
145.5 4.9287 4.86984 4.74225 14.5408
146.0 4.94229 4.88412 4.76333 14.5897
146.5 4.96867 4.90377 4.78236 14.6548
147.0 4.98858 4.92642 4.79652 14.7115
147.5 4.98557 4.95765 4.82012 14.7634
148.0 5.0007 4.97942 4.84906 14.8292
148.5 5.02961 5.01072 4.86917 14.9095
149.0 5.03897 5.03646 4.88726 14.9627
149.5 5.06005 5.04866 4.89906 15.0078
150.0 5.06778 5.0554 4.90755 15.0307
150.5 5.07534 5.0692 4.92085 15.0654
151.0 5.08698 5.08045 4.93463 15.1021
151.5 5.10964 5.09189 4.95177 15.1533
152.0 5.12942 5.1073 4.96908 15.2058
152.5 5.14259 5.12421 4.9829 15.2497
153.0 5.16004 5.15872 5.00784 15.3266
153.5 5.18983 5.18329 5.0208 15.3939
154.0 5.20422 5.20338 5.04549 15.4531
154.5 5.22362 5.22015 5.06077 15.5045
155.0 5.24546 5.24139 5.07381 15.5607
155.5 5.25179 5.24984 5.09053 15.5922
156.0 5.27814 5.26903 5.11229 15.6595
156.5 5.29794 5.28675 5.13543 15.7201
157.0 5.30074 5.30821 5.15794 15.7669
157.5 5.3141 5.33383 5.18357 15.8315
158.0 5.33696 5.34434 5.20691 15.8882
158.5 5.35973 5.35669 5.21304 15.9295
159.0 5.3706 5.35704 5.21669 15.9443
159.5 5.37865 5.36505 5.24712 15.9908
160.0 5.40236 5.38183 5.26901 16.0532
160.5 5.41289 5.40398 5.28625 16.1031
161.0 5.42347 5.42338 5.29196 16.1388
161.5 5.43301 5.43946 5.31605 16.1885
162.0 5.44794 5.45882 5.33062 16.2374
162.5 5.45962 5.47586 5.35591 16.2914
163.0 5.46343 5.49999 5.37633 16.3397
163.5 5.48124 5.5206 5.40083 16.4027
164.0 5.49826 5.54767 5.42309 16.469
164.5 5.51739 5.55953 5.44694 16.5239
165.0 5.53941 5.57522 5.44957 16.5642
165.5 5.56034 5.59362 5.47277 16.6267
166.0 5.58288 5.61839 5.47382 16.6751
166.5 5.59167 5.62598 5.48449 16.7021
167.0 5.60609 5.64077 5.50228 16.7491
167.5 5.63271 5.65396 5.5118 16.7985
168.0 5.65644 5.66502 5.52041 16.8419
168.5 5.66837 5.6871 5.54686 16.9023
169.0 5.69337 5.70087 5.57776 16.972
169.5 5.71372 5.71906 5.58288 17.0157
170.0 5.73405 5.73124 5.60257 17.0679
170.5 5.75294 5.74197 5.62408 17.119
171.0 5.77253 5.74256 5.62838 17.1435
171.5 5.78916 5.76598 5.63316 17.1883
172.0 5.79861 5.78621 5.65368 17.2385
172.5 5.79438 5.79245 5.66812 17.255
173.0 5.80594 5.803 5.68656 17.2955
173.5 5.81544 5.81812 5.70874 17.3423
174.0 5.82745 5.83512 5.74819 17.4107
174.5 5.84041 5.84294 5.76039 17.4437
175.0 5.84426 5.86203 5.77179 17.4781
175.5 5.85593 5.8848 5.78015 17.5209
176.0 5.86913 5.89581 5.7898 17.5547
176.5 5.87331 5.90575 5.81233 17.5914
177.0 5.90934 5.91293 5.82631 17.6486
177.5 5.92545 5.91687 5.83648 17.6788
178.0 5.9347 5.93913 5.86336 17.7372
178.5 5.95135 5.96468 5.8799 17.7959
179.0 5.96543 5.98909 5.90524 17.8598
179.5 5.9728 5.99823 5.91645 17.8875
180.0 5.98112 6.01179 5.93394 17.9268
180.5 5.99617 6.03445 5.94613 17.9767
181.0 6.00062 6.05823 5.96017 18.019
181.5 6.00209 6.07171 5.97694 18.0507
182.0 6.02055 6.09772 5.98691 18.1052
182.5 6.04693 6.10708 6.02183 18.1758
183.0 6.05252 6.11241 6.04949 18.2144
183.5 6.05985 6.10818 6.06543 18.2335
184.0 6.06101 6.12563 6.07693 18.2636
184.5 6.07918 6.14595 6.10453 18.3297
185.0 6.0938 6.16351 6.11729 18.3746
185.5 6.11262 6.17383 6.13894 18.4254
186.0 6.14616 6.1985 6.15673 18.5014
186.5 6.17129 6.19736 6.17277 18.5414
187.0 6.18929 6.22645 6.17882 18.5946
187.5 6.19144 6.24832 6.20279 18.6425
188.0 6.22536 6.24784 6.20439 18.6776
188.5 6.25439 6.26531 6.21446 18.7342
189.0 6.27337 6.27773 6.24582 18.7969
189.5 6.29485 6.29028 6.28231 18.8674
190.0 6.31179 6.30183 6.29885 18.9125
190.5 6.32322 6.32182 6.32145 18.9665
191.0 6.34083 6.35405 6.33939 19.0343
191.5 6.35371 6.36489 6.36498 19.0836
192.0 6.37414 6.39312 6.38248 19.1497
192.5 6.37453 6.39977 6.3863 19.1606
193.0 6.38318 6.41884 6.40533 19.2073
193.5 6.38875 6.43869 6.43656 19.264
194.0 6.40551 6.47121 6.4515 19.3282
194.5 6.43433 6.49547 6.47667 19.4065
195.0 6.45059 6.50539 6.49333 19.4493
195.5 6.47383 6.51839 6.50584 19.4981
196.0 6.49347 6.53388 6.51784 19.5452
196.5 6.50554 6.5405 6.54275 19.5888
197.0 6.51999 6.54056 6.5623 19.6229
197.5 6.54902 6.56714 6.56659 19.6827
198.0 6.56791 6.59642 6.58396 19.7483
198.5 6.60262 6.62456 6.61093 19.8381
199.0 6.63925 6.64111 6.62281 19.9032
199.5 6.64145 6.6552 6.62632 19.923
200.0 6.6606 6.65975 6.64205 19.9624
