0.0 0.0 0.0 0.0 0.0
0.5 0.192335 0.197703 0.197927 0.587965
1.0 0.623345 0.625897 0.632812 1.88205
1.5 1.13781 1.16078 1.15536 3.45395
2.0 1.69276 1.76548 1.72197 5.18021
2.5 2.26325 2.35908 2.33038 6.95271
3.0 2.87034 2.92363 2.9707 8.76467
3.5 3.49676 3.50123 3.60516 10.6031
4.0 4.07844 4.08441 4.18312 12.346
4.5 4.64533 4.66283 4.72128 14.0294
5.0 5.25081 5.25075 5.28231 15.7839
5.5 5.84419 5.84424 5.88164 17.5701
6.0 6.44091 6.45954 6.51384 19.4143
6.5 7.04447 7.05926 7.17971 21.2834
7.0 7.64963 7.68261 7.83447 23.1667
7.5 8.25885 8.353 8.4701 25.0819
8.0 8.83071 8.98338 9.0301 26.8442
8.5 9.37495 9.57741 9.57469 28.5271
9.0 9.93784 10.2306 10.0775 30.2459
9.5 10.4414 10.893 10.5969 31.9313
10.0 10.9982 11.4951 11.1502 33.6435
10.5 11.5709 12.122 11.7525 35.4454
11.0 12.1916 12.7143 12.3744 37.2803
11.5 12.8245 13.235 13.027 39.0865
12.0 13.4812 13.781 13.6641 40.9263
12.5 14.1706 14.2653 14.2681 42.704
13.0 14.8242 14.7308 14.8629 44.4179
13.5 15.3526 15.2469 15.3845 45.984
14.0 15.9213 15.8246 15.9038 47.6497
14.5 16.4767 16.4847 16.4168 49.3782
15.0 17.0285 17.2079 16.9955 51.2319
15.5 17.5642 17.8823 17.5843 53.0307
16.0 18.1775 18.5207 18.1618 54.86
16.5 18.779 19.1666 18.7262 56.6718
17.0 19.3758 19.7871 19.3244 58.4873
17.5 20.0029 20.4369 19.9874 60.4272
18.0 20.6574 21.0559 20.6295 62.3428
18.5 21.3019 21.6997 21.2689 64.2704
19.0 21.9331 22.3035 21.8646 66.1013
19.5 22.6314 22.933 22.4386 68.003
20.0 23.2387 23.5576 22.9836 69.7798
20.5 23.9451 24.0036 23.5221 71.4709
21.0 24.6296 24.4193 24.1653 73.2142
21.5 25.1932 24.926 24.7864 74.9057
22.0 25.7083 25.5103 25.3483 76.5669
22.5 26.2989 26.0836 25.8645 78.247
23.0 26.9941 26.6732 26.3711 80.0385
23.5 27.6314 27.2448 26.9057 81.7819
24.0 28.2467 27.7592 27.4419 83.4479
24.5 28.8548 28.3466 27.9305 85.1319
25.0 29.4586 28.9901 28.4681 86.9167
25.5 30.0283 29.65 29.015 88.6933
26.0 30.5995 30.3175 29.5609 90.4779
26.5 31.2309 30.9334 30.0987 92.263
27.0 31.7963 31.4888 30.672 93.9572
27.5 32.3908 32.035 31.3281 95.754
28.0 32.9015 32.5722 31.9847 97.4584
28.5 33.4011 33.1204 32.6101 99.1315
29.0 33.9689 33.6149 33.2519 100.836
29.5 34.5857 34.1558 33.8829 102.624
30.0 35.2025 34.766 34.4918 104.46
30.5 35.7585 35.377 35.0098 106.145
31.0 36.2723 36.0119 35.5422 107.826
31.5 36.882 36.6501 35.9844 109.517
32.0 37.599 37.2555 36.4785 111.333
32.5 38.3782 37.8857 37.0643 113.328
33.0 39.123 38.4892 37.6936 115.306
33.5 39.786 39.0819 38.3354 117.203
34.0 40.3745 39.5737 38.9038 118.852
34.5 40.8968 40.1712 39.4973 120.565
35.0 41.4004 40.738 40.0433 122.182
35.5 41.862 41.2342 40.6794 123.776
36.0 42.4147 41.7474 41.3642 125.526
36.5 43.0022 42.3401 42.0962 127.438
37.0 43.5276 42.8737 42.8114 129.213
37.5 44.0756 43.2815 43.3741 130.731
38.0 44.6671 43.7285 43.9121 132.308
38.5 45.3356 44.2359 44.6196 134.191
39.0 45.8853 44.7153 45.2794 135.88
39.5 46.4706 45.2191 45.779 137.469
40.0 47.2311 45.7037 46.3753 139.31
40.5 47.9241 46.2954 46.9411 141.161
41.0 48.5812 46.9329 47.4002 142.914
41.5 49.2252 47.5794 47.973 144.778
42.0 49.9929 48.1914 48.5174 146.702
42.5 50.7077 48.8115 49.1443 148.664
43.0 51.3645 49.4342 49.7791 150.578
43.5 51.999 49.9842 50.4245 152.408
44.0 52.7326 50.4913 51.2003 154.424
44.5 53.4369 50.9816 51.8765 156.295
45.0 54.1381 51.581 52.5794 158.299
45.5 54.8755 52.1651 53.1343 160.175
46.0 55.581 52.7232 53.7892 162.094
46.5 56.1551 53.3674 54.608 164.13
47.0 56.6209 53.9511 55.318 165.89
47.5 57.1049 54.6882 55.9253 167.718
48.0 57.6509 55.405 56.6189 169.675
48.5 58.1331 56.0307 57.2771 171.441
49.0 58.7914 56.5819 58.0368 173.41
49.5 59.4702 57.1857 58.713 175.369
50.0 60.0303 57.7912 59.3514 177.173
50.5 60.6273 58.3714 59.9782 178.977
51.0 61.1251 58.9125 60.6164 180.654
51.5 61.654 59.4664 61.1967 182.317
52.0 62.3187 60.06 61.8447 184.223
52.5 62.9906 60.7402 62.4265 186.157
53.0 63.7238 61.2576 63.0553 188.037
53.5 64.3309 61.829 63.6752 189.835
54.0 64.9216 62.4437 64.3905 191.756
54.5 65.5694 63.0806 65.1169 193.767
55.0 66.1706 63.7655 65.6935 195.63
55.5 66.6508 64.2816 66.3055 197.238
56.0 67.1927 64.843 66.9984 199.034
56.5 67.6581 65.4392 67.7376 200.835
57.0 68.13 66.0752 68.4678 202.673
57.5 68.7612 66.6499 69.1165 204.528
58.0 69.3533 67.2168 69.7145 206.285
58.5 69.8977 67.7404 70.4148 208.053
59.0 70.5234 68.2173 71.1587 209.899
59.5 71.0524 68.7274 71.8032 211.583
60.0 71.5942 69.3573 72.3971 213.349
60.5 72.0307 70.1696 72.953 215.153
61.0 72.4195 70.9957 73.4876 216.903
61.5 72.9402 71.7392 73.983 218.662
62.0 73.4712 72.4759 74.5914 220.539
62.5 74.0918 73.0913 75.266 222.449
63.0 74.7134 73.6215 75.8997 224.235
63.5 75.2422 74.072 76.5271 225.841
64.0 75.8521 74.5119 77.0695 227.433
64.5 76.4616 75.0257 77.5931 229.08
65.0 77.0711 75.59 78.1706 230.832
65.5 77.7379 76.0323 78.7962 232.566
66.0 78.5254 76.5142 79.4888 234.528
66.5 79.1208 77.0545 80.0307 236.206
67.0 79.7319 77.7009 80.3789 237.812
67.5 80.3783 78.3657 80.7443 239.488
68.0 81.0663 79.025 81.2287 241.32
68.5 81.6988 79.5116 81.741 242.951
69.0 82.212 80.0284 82.1439 244.384
69.5 82.8679 80.4594 82.6512 245.979
70.0 83.7102 81.037 83.2295 247.977
70.5 84.2931 81.6409 83.7424 249.676
71.0 84.7428 82.2319 84.2108 251.185
71.5 85.3981 82.6517 84.7034 252.753
72.0 86.0125 83.1377 85.3278 254.478
72.5 86.7088 83.6721 85.9285 256.309
73.0 87.3914 84.2817 86.6486 258.322
73.5 87.9341 84.9503 87.3714 260.256
74.0 88.5946 85.5964 88.0243 262.215
74.5 89.1772 86.2416 88.4423 263.861
75.0 89.7867 86.8029 89.0113 265.601
75.5 90.4306 87.4514 89.6783 267.56
76.0 91.0571 88.172 90.415 269.644
76.5 91.8107 89.0432 91.0348 271.889
77.0 92.6588 89.8427 91.6601 274.162
77.5 93.3399 90.5927 92.2293 276.162
78.0 93.9111 91.1786 92.8987 277.988
78.5 94.3519 91.6241 93.7097 279.686
79.0 94.9369 92.2669 94.4288 281.633
79.5 95.4976 92.9518 95.0056 283.455
80.0 96.0767 93.6286 95.4892 285.194
80.5 96.6619 94.4715 96.0041 287.138
81.0 97.0623 95.3229 96.3988 288.784
81.5 97.4894 96.1696 96.7558 290.415
82.0 97.9157 97.0756 97.1924 292.184
82.5 98.4523 97.7301 97.6624 293.845
83.0 99.0527 98.6156 98.0204 295.689
83.5 99.6834 99.4525 98.355 297.491
84.0 100.415 100.118 98.8131 299.346
84.5 101.031 100.803 99.2764 301.11
85.0 101.601 101.353 99.8525 302.807
85.5 102.384 102.063 100.361 304.808
86.0 102.991 102.793 100.869 306.654
86.5 103.73 103.56 101.43 308.72
87.0 104.515 104.234 101.988 310.737
87.5 105.078 104.714 102.553 312.345
88.0 105.767 105.197 103.208 314.172
88.5 106.482 105.734 103.812 316.028
89.0 107.002 106.4 104.494 317.897
89.5 107.549 107.027 105.065 319.641
90.0 108.065 107.639 105.607 321.311
90.5 108.654 108.254 106.12 323.028
91.0 109.319 108.784 106.707 324.809
91.5 110.004 109.347 107.517 326.868
92.0 110.74 109.981 108.03 328.751
92.5 111.505 110.772 108.643 330.919
93.0 112.288 111.433 109.235 332.956
93.5 112.955 112.028 109.644 334.627
94.0 113.504 112.508 110.09 336.103
94.5 113.99 113.002 110.712 337.703
95.0 114.557 113.537 111.459 339.553
95.5 115.199 114.078 112.188 341.466
96.0 115.758 114.685 112.731 343.174
96.5 116.256 115.463 113.205 344.924
97.0 116.754 116.185 113.791 346.729
97.5 117.381 116.884 114.394 348.659
98.0 118.226 117.518 115.214 350.957
98.5 119.032 118.002 115.988 353.023
99.0 119.86 118.607 116.737 355.204
99.5 120.828 119.074 117.499 357.401
100.0 121.781 119.749 118.204 359.735
100.5 122.438 120.453 118.853 361.745
101.0 123.042 121.108 119.574 363.724
101.5 123.734 121.882 120.331 365.946
102.0 124.464 122.386 121.042 367.892
102.5 124.943 123.05 121.777 369.77
103.0 125.677 123.538 122.422 371.636
103.5 126.451 124.017 123.148 373.616
104.0 127.224 124.39 123.918 375.532
104.5 127.794 124.833 124.741 377.368
105.0 128.387 125.33 125.557 379.274
105.5 128.904 125.682 126.355 380.941
106.0 129.485 126.281 127.011 382.778
106.5 130.027 126.964 127.668 384.659
107.0 130.521 127.481 128.432 386.434
107.5 130.974 128.081 129.108 388.162
108.0 131.585 128.694 129.631 389.91
108.5 132.187 129.27 130.212 391.669
109.0 132.745 129.837 130.673 393.256
109.5 133.208 130.34 131.149 394.697
110.0 133.694 130.901 131.741 396.336
110.5 134.387 131.516 132.342 398.246
111.0 135.005 132.193 132.879 400.076
111.5 135.526 132.649 133.31 401.485
112.0 136.199 133.231 133.909 403.339
112.5 136.766 133.98 134.458 405.204
113.0 137.409 134.586 134.929 406.924
113.5 138.099 134.978 135.29 408.367
114.0 138.845 135.494 135.617 409.957
114.5 139.205 136.161 136.01 411.376
115.0 139.699 136.879 136.574 413.152
115.5 140.32 137.657 137.164 415.142
116.0 140.853 138.29 137.606 416.749
116.5 141.392 139.067 138.0 418.459
117.0 142.052 139.81 138.722 420.584
117.5 142.663 140.388 139.299 422.35
118.0 143.183 140.861 139.76 423.804
118.5 143.694 141.454 140.155 425.304
119.0 144.212 142.006 140.754 426.972
119.5 144.693 142.525 141.07 428.288
120.0 145.351 143.097 141.38 429.828
120.5 145.853 143.503 141.868 431.224
121.0 146.469 144.046 142.634 433.148
121.5 147.001 144.688 143.26 434.949
122.0 147.557 145.175 143.979 436.712
122.5 148.092 145.702 144.843 438.637
123.0 148.812 146.371 145.576 440.758
123.5 149.591 146.89 146.221 442.702
124.0 150.275 147.375 146.899 444.549
124.5 150.736 148.043 147.656 446.434
125.0 151.227 148.917 148.361 448.504
125.5 151.672 149.666 148.865 450.204
126.0 152.039 150.31 149.436 451.785
126.5 152.463 151.001 149.918 453.381
127.0 152.763 151.482 150.349 454.595
127.5 153.339 152.023 150.831 456.193
128.0 154.046 152.399 151.31 457.755
128.5 154.739 152.742 151.668 459.149
129.0 155.26 153.327 152.277 460.864
129.5 155.729 153.678 153.109 462.516
130.0 156.24 154.103 153.81 464.153
130.5 156.758 154.825 154.33 465.913
131.0 157.27 155.668 154.932 467.87
131.5 157.932 156.55 155.35 469.831
132.0 158.839 157.218 155.848 471.905
132.5 159.635 157.921 156.484 474.04
133.0 160.26 158.74 157.015 476.014
133.5 160.849 159.684 157.461 477.994
134.0 161.203 160.588 157.896 479.686
134.5 161.321 161.587 158.351 481.26
135.0 161.486 162.429 158.979 482.894
135.5 161.724 163.222 159.468 484.414
136.0 162.138 163.929 159.986 486.052
136.5 162.939 164.427 160.452 487.817
137.0 163.951 165.052 160.836 489.84
137.5 164.894 165.686 161.384 491.964
138.0 165.498 166.347 162.013 493.858
138.5 166.198 167.007 162.762 495.967
139.0 166.677 167.763 163.462 497.902
139.5 167.068 168.328 164.049 499.445
140.0 167.756 168.75 164.799 501.305
140.5 168.549 169.055 165.556 503.16
141.0 169.296 169.487 166.347 505.13
141.5 169.821 170.055 166.856 506.732
142.0 170.218 170.746 167.276 508.24
142.5 170.724 171.557 167.854 510.135
143.0 171.475 172.178 168.22 511.872
143.5 172.351 172.743 168.533 513.628
144.0 173.212 173.101 168.821 515.134
144.5 174.07 173.581 169.134 516.784
145.0 175.169 174.021 169.675 518.865
145.5 176.259 174.507 170.211 520.977
146.0 177.014 175.085 170.792 522.891
146.5 177.848 175.701 171.417 524.966
147.0 178.612 176.462 171.981 527.055
147.5 179.013 177.35 172.653 529.015
148.0 179.405 178.283 173.52 531.207
148.5 180.062 179.215 174.39 533.667
149.0 180.676 180.173 175.121 535.97
149.5 181.251 180.985 175.75 537.986
150.0 181.773 181.382 176.163 539.318
150.5 182.191 181.873 176.601 540.665
151.0 182.575 182.274 177.083 541.933
151.5 183.141 182.763 177.587 543.491
152.0 183.818 183.239 178.138 545.196
152.5 184.402 183.772 178.758 546.931
153.0 184.922 184.612 179.438 548.971
153.5 185.767 185.487 180.095 551.349
154.0 186.468 186.292 180.782 553.542
154.5 187.152 187.064 181.444 555.66
155.0 187.888 187.752 182.019 557.659
155.5 188.43 188.29 182.614 559.334
156.0 189.077 188.893 183.254 561.224
156.5 189.805 189.537 184.049 563.391
157.0 190.279 190.15 184.781 565.21
157.5 190.684 191.004 185.633 567.321
158.0 191.267 191.703 186.521 569.491
158.5 192.018 192.182 187.143 571.343
159.0 192.663 192.495 187.392 572.55
159.5 193.048 192.73 188.043 573.821
160.0 193.622 193.12 188.795 575.537
160.5 194.157 193.729 189.518 577.404
161.0 194.623 194.404 189.947 578.974
161.5 195.007 195.043 190.624 580.674
162.0 195.452 195.677 191.254 582.383
162.5 195.941 196.367 191.901 584.21
163.0 196.217 197.128 192.703 586.048
163.5 196.633 197.84 193.478 587.951
164.0 197.179 198.716 194.296 590.191
164.5 197.762 199.347 195.129 592.239
165.0 198.444 199.993 195.687 594.123
165.5 199.19 200.594 196.255 596.039
166.0 200.015 201.386 196.649 598.05
166.5 200.58 201.865 196.962 599.407
167.0 201.078 202.381 197.453 600.911
167.5 201.784 202.882 197.898 602.564
168.0 202.646 203.343 198.213 604.203
168.5 203.255 203.942 198.819 606.016
169.0 203.996 204.526 199.724 608.246
169.5 204.711 205.107 200.311 610.129
170.0 205.465 205.652 200.869 611.985
170.5 206.173 206.116 201.618 613.907
171.0 206.898 206.329 202.069 615.296
171.5 207.599 206.821 202.376 616.797
172.0 208.116 207.454 202.922 618.492
172.5 208.358 207.974 203.402 619.734
173.0 208.546 208.325 203.995 620.866
173.5 208.84 208.853 204.712 622.405
174.0 209.196 209.334 205.717 624.247
174.5 209.635 209.772 206.582 625.989
175.0 209.91 210.349 207.163 627.422
175.5 210.219 210.956 207.588 628.763
176.0 210.715 211.587 207.968 630.27
176.5 211.041 212.037 208.453 631.531
177.0 211.727 212.392 209.072 633.19
177.5 212.481 212.678 209.562 634.721
178.0 212.97 213.098 210.199 636.266
178.5 213.582 213.825 210.937 638.345
179.0 214.036 214.653 211.718 640.407
179.5 214.476 215.203 212.294 641.974
180.0 214.78 215.728 212.963 643.471
180.5 215.226 216.337 213.408 644.97
181.0 215.587 217.15 213.97 646.707
181.5 215.725 217.8 214.525 648.05
182.0 216.158 218.563 214.912 649.633
182.5 216.762 219.193 215.715 651.671
183.0 217.311 219.581 216.749 653.641
183.5 217.633 219.629 217.532 654.794
184.0 217.876 219.981 218.118 655.976
184.5 218.203 220.504 218.886 657.593
185.0 218.638 221.094 219.495 659.226
185.5 219.267 221.533 220.205 661.005
186.0 220.114 222.262 220.939 663.315
186.5 221.036 222.605 221.484 665.124
187.0 221.903 223.215 221.924 667.041
187.5 222.323 223.984 222.608 668.915
188.0 223.077 224.425 222.993 670.496
188.5 224.085 224.842 223.259 672.186
189.0 224.912 225.363 223.924 674.198
189.5 225.639 225.798 224.952 676.388
190.0 226.413 226.225 225.841 678.479
190.5 226.916 226.798 226.673 680.387
191.0 227.54 227.693 227.462 682.696
191.5 228.089 228.333 228.251 684.672
192.0 228.638 229.13 229.041 686.81
192.5 229.034 229.706 229.443 688.184
193.0 229.26 230.282 229.936 689.478
193.5 229.514 230.97 230.784 691.268
194.0 229.934 231.798 231.401 693.133
194.5 230.687 232.736 232.304 695.728
195.0 231.431 233.417 233.02 697.868
195.5 232.11 233.955 233.577 699.641
196.0 232.879 234.489 234.042 701.41
196.5 233.456 234.893 234.675 703.024
197.0 234.036 235.101 235.456 704.593
197.5 234.814 235.589 235.905 706.308
198.0 235.531 236.432 236.357 708.321
198.5 236.447 237.297 237.087 710.831
199.0 237.597 238.12 237.747 713.464
199.5 238.343 238.847 238.086 715.276
200.0 238.942 239.23 238.519 716.691
