SUMMARY COUNTS
TOTAL_ELEMENTS: 6740
TOTAL_BODIES: 6670
TOTAL_BONDS: 70
TOTAL_ANGLES: 60
TOTAL_DIHEDRALS: 50
TOTAL_IMPROPERS: 0

BONDS (# id1 id2 body | coords1 | coords2)

1   1209 1210   1209    6.510731 3.875615 16.373911    7.465286 3.808179 16.083608
2   1210 1211   1209    7.465286 3.808179 16.083608    8.419842 3.740742 15.793305
3   1211 1212   1209    8.419842 3.740742 15.793305    9.374397 3.673306 15.503002
4   1212 1213   1209    9.374397 3.673306 15.503002    10.328953 3.605869 15.212699
5   1213 1214   1209    10.328953 3.605869 15.212699    11.283509 3.538433 14.922396
6   1214 1215   1209    11.283509 3.538433 14.922396    12.238064 3.470996 14.632093
7   1215 1216   1209    12.238064 3.470996 14.632093    13.192620 3.403560 14.341790
8   1217 1218   1210    2.015317 8.466731 1.835419    2.997616 8.379676 2.001278
9   1218 1219   1210    2.997616 8.379676 2.001278    3.979915 8.292621 2.167138
10   1219 1220   1210    3.979915 8.292621 2.167138    4.962215 8.205566 2.332998
11   1220 1221   1210    4.962215 8.205566 2.332998    5.944514 8.118512 2.498857
12   1221 1222   1210    5.944514 8.118512 2.498857    6.926814 8.031457 2.664717
13   1222 1223   1210    6.926814 8.031457 2.664717    7.909113 7.944402 2.830577
14   1223 1224   1210    7.909113 7.944402 2.830577    8.891412 7.857347 2.996436
15   1225 1226   1211    4.644064 14.699204 1.431528    5.638950 14.600147 1.411766
16   1226 1227   1211    5.638950 14.600147 1.411766    6.633836 14.501091 1.392005
17   1227 1228   1211    6.633836 14.501091 1.392005    7.628721 14.402035 1.372243
18   1228 1229   1211    7.628721 14.402035 1.372243    8.623607 14.302979 1.352481
19   1229 1230   1211    8.623607 14.302979 1.352481    9.618492 14.203922 1.332720
20   1230 1231   1211    9.618492 14.203922 1.332720    10.613378 14.104866 1.312958
21   1231 1232   1211    10.613378 14.104866 1.312958    11.608263 14.005810 1.293196
22   1233 1234   1212    1.666110 4.958411 12.056254    2.621879 4.967974 12.350217
23   1234 1235   1212    2.621879 4.967974 12.350217    3.577648 4.977536 12.644180
24   1235 1236   1212    3.577648 4.977536 12.644180    4.533417 4.987099 12.938142
25   1236 1237   1212    4.533417 4.987099 12.938142    5.489186 4.996662 13.232105
26   1237 1238   1212    5.489186 4.996662 13.232105    6.444955 5.006225 13.526068
27   1238 1239   1212    6.444955 5.006225 13.526068    7.400724 5.015788 13.820031
28   1239 1240   1212    7.400724 5.015788 13.820031    8.356493 5.025351 14.113994
29   1241 1242   1213    3.096647 1.225390 16.325307    4.065421 1.151996 16.088473
30   1242 1243   1213    4.065421 1.151996 16.088473    5.034195 1.078602 15.851638
31   1243 1244   1213    5.034195 1.078602 15.851638    6.002969 1.005207 15.614804
32   1244 1245   1213    6.002969 1.005207 15.614804    6.971743 0.931813 15.377970
33   1245 1246   1213    6.971743 0.931813 15.377970    7.940516 0.858419 15.141136
34   1246 1247   1213    7.940516 0.858419 15.141136    8.909290 0.785025 14.904302
35   1247 1248   1213    8.909290 0.785025 14.904302    9.878064 0.711630 14.667468
36   1249 1250   1214    1.340846 8.482851 42.983770    2.335348 8.399481 43.047138
37   1250 1251   1214    2.335348 8.399481 43.047138    3.329849 8.316112 43.110506
38   1251 1252   1214    3.329849 8.316112 43.110506    4.324351 8.232743 43.173873
39   1252 1253   1214    4.324351 8.232743 43.173873    5.318853 8.149374 43.237241
40   1253 1254   1214    5.318853 8.149374 43.237241    6.313355 8.066004 43.300609
41   1254 1255   1214    6.313355 8.066004 43.300609    7.307857 7.982635 43.363977
42   1255 1256   1214    7.307857 7.982635 43.363977    8.302359 7.899266 43.427345
43   1257 1258   1215    2.248411 1.297767 4.245585    3.245866 1.243359 4.199498
44   1258 1259   1215    3.245866 1.243359 4.199498    4.243320 1.188951 4.153411
45   1259 1260   1215    4.243320 1.188951 4.153411    5.240775 1.134543 4.107325
46   1260 1261   1215    5.240775 1.134543 4.107325    6.238230 1.080134 4.061238
47   1261 1262   1215    6.238230 1.080134 4.061238    7.235684 1.025726 4.015151
48   1262 1263   1215    7.235684 1.025726 4.015151    8.233139 0.971318 3.969064
49   1263 1264   1215    8.233139 0.971318 3.969064    9.230594 0.916910 3.922978
50   1265 1266   1216    7.584299 6.113183 2.250036    8.536205 5.945451 2.506437
51   1266 1267   1216    8.536205 5.945451 2.506437    9.488111 5.777719 2.762837
52   1267 1268   1216    9.488111 5.777719 2.762837    10.440017 5.609987 3.019238
53   1268 1269   1216    10.440017 5.609987 3.019238    11.391923 5.442255 3.275638
54   1269 1270   1216    11.391923 5.442255 3.275638    12.343829 5.274523 3.532039
55   1270 1271   1216    12.343829 5.274523 3.532039    13.295734 5.106791 3.788439
56   1271 1272   1216    13.295734 5.106791 3.788439    14.247640 4.939059 4.044840
57   1273 1274   1217    2.391518 8.592700 12.149049    3.382206 8.606263 12.013571
58   1274 1275   1217    3.382206 8.606263 12.013571    4.372893 8.619827 11.878093
59   1275 1276   1217    4.372893 8.619827 11.878093    5.363581 8.633391 11.742615
60   1276 1277   1217    5.363581 8.633391 11.742615    6.354268 8.646954 11.607137
61   1277 1278   1217    6.354268 8.646954 11.607137    7.344956 8.660518 11.471659
62   1278 1279   1217    7.344956 8.660518 11.471659    8.335644 8.674082 11.336182
63   1279 1280   1217    8.335644 8.674082 11.336182    9.326331 8.687645 11.200704
64   1281 1282   1218    3.792389 9.648989 8.639974    4.761392 9.686255 8.884196
65   1282 1283   1218    4.761392 9.686255 8.884196    5.730395 9.723520 9.128417
66   1283 1284   1218    5.730395 9.723520 9.128417    6.699398 9.760785 9.372639
67   1284 1285   1218    6.699398 9.760785 9.372639    7.668402 9.798051 9.616860
68   1285 1286   1218    7.668402 9.798051 9.616860    8.637405 9.835316 9.861081
69   1286 1287   1218    8.637405 9.835316 9.861081    9.606408 9.872581 10.105303
70   1287 1288   1218    9.606408 9.872581 10.105303    10.575411 9.909847 10.349524

ANGLES (# A B C body | coordsA | coordsB | coordsC)

1   1209 1210 1211   1209    6.510731 3.875615 16.373911    7.465286 3.808179 16.083608    8.419842 3.740742 15.793305
2   1210 1211 1212   1209    7.465286 3.808179 16.083608    8.419842 3.740742 15.793305    9.374397 3.673306 15.503002
3   1211 1212 1213   1209    8.419842 3.740742 15.793305    9.374397 3.673306 15.503002    10.328953 3.605869 15.212699
4   1212 1213 1214   1209    9.374397 3.673306 15.503002    10.328953 3.605869 15.212699    11.283509 3.538433 14.922396
5   1213 1214 1215   1209    10.328953 3.605869 15.212699    11.283509 3.538433 14.922396    12.238064 3.470996 14.632093
6   1214 1215 1216   1209    11.283509 3.538433 14.922396    12.238064 3.470996 14.632093    13.192620 3.403560 14.341790
7   1217 1218 1219   1210    2.015317 8.466731 1.835419    2.997616 8.379676 2.001278    3.979915 8.292621 2.167138
8   1218 1219 1220   1210    2.997616 8.379676 2.001278    3.979915 8.292621 2.167138    4.962215 8.205566 2.332998
9   1219 1220 1221   1210    3.979915 8.292621 2.167138    4.962215 8.205566 2.332998    5.944514 8.118512 2.498857
10   1220 1221 1222   1210    4.962215 8.205566 2.332998    5.944514 8.118512 2.498857    6.926814 8.031457 2.664717
11   1221 1222 1223   1210    5.944514 8.118512 2.498857    6.926814 8.031457 2.664717    7.909113 7.944402 2.830577
12   1222 1223 1224   1210    6.926814 8.031457 2.664717    7.909113 7.944402 2.830577    8.891412 7.857347 2.996436
13   1225 1226 1227   1211    4.644064 14.699204 1.431528    5.638950 14.600147 1.411766    6.633836 14.501091 1.392005
14   1226 1227 1228   1211    5.638950 14.600147 1.411766    6.633836 14.501091 1.392005    7.628721 14.402035 1.372243
15   1227 1228 1229   1211    6.633836 14.501091 1.392005    7.628721 14.402035 1.372243    8.623607 14.302979 1.352481
16   1228 1229 1230   1211    7.628721 14.402035 1.372243    8.623607 14.302979 1.352481    9.618492 14.203922 1.332720
17   1229 1230 1231   1211    8.623607 14.302979 1.352481    9.618492 14.203922 1.332720    10.613378 14.104866 1.312958
18   1230 1231 1232   1211    9.618492 14.203922 1.332720    10.613378 14.104866 1.312958    11.608263 14.005810 1.293196
19   1233 1234 1235   1212    1.666110 4.958411 12.056254    2.621879 4.967974 12.350217    3.577648 4.977536 12.644180
20   1234 1235 1236   1212    2.621879 4.967974 12.350217    3.577648 4.977536 12.644180    4.533417 4.987099 12.938142
21   1235 1236 1237   1212    3.577648 4.977536 12.644180    4.533417 4.987099 12.938142    5.489186 4.996662 13.232105
22   1236 1237 1238   1212    4.533417 4.987099 12.938142    5.489186 4.996662 13.232105    6.444955 5.006225 13.526068
23   1237 1238 1239   1212    5.489186 4.996662 13.232105    6.444955 5.006225 13.526068    7.400724 5.015788 13.820031
24   1238 1239 1240   1212    6.444955 5.006225 13.526068    7.400724 5.015788 13.820031    8.356493 5.025351 14.113994
25   1241 1242 1243   1213    3.096647 1.225390 16.325307    4.065421 1.151996 16.088473    5.034195 1.078602 15.851638
26   1242 1243 1244   1213    4.065421 1.151996 16.088473    5.034195 1.078602 15.851638    6.002969 1.005207 15.614804
27   1243 1244 1245   1213    5.034195 1.078602 15.851638    6.002969 1.005207 15.614804    6.971743 0.931813 15.377970
28   1244 1245 1246   1213    6.002969 1.005207 15.614804    6.971743 0.931813 15.377970    7.940516 0.858419 15.141136
29   1245 1246 1247   1213    6.971743 0.931813 15.377970    7.940516 0.858419 15.141136    8.909290 0.785025 14.904302
30   1246 1247 1248   1213    7.940516 0.858419 15.141136    8.909290 0.785025 14.904302    9.878064 0.711630 14.667468
31   1249 1250 1251   1214    1.340846 8.482851 42.983770    2.335348 8.399481 43.047138    3.329849 8.316112 43.110506
32   1250 1251 1252   1214    2.335348 8.399481 43.047138    3.329849 8.316112 43.110506    4.324351 8.232743 43.173873
33   1251 1252 1253   1214    3.329849 8.316112 43.110506    4.324351 8.232743 43.173873    5.318853 8.149374 43.237241
34   1252 1253 1254   1214    4.324351 8.232743 43.173873    5.318853 8.149374 43.237241    6.313355 8.066004 43.300609
35   1253 1254 1255   1214    5.318853 8.149374 43.237241    6.313355 8.066004 43.300609    7.307857 7.982635 43.363977
36   1254 1255 1256   1214    6.313355 8.066004 43.300609    7.307857 7.982635 43.363977    8.302359 7.899266 43.427345
37   1257 1258 1259   1215    2.248411 1.297767 4.245585    3.245866 1.243359 4.199498    4.243320 1.188951 4.153411
38   1258 1259 1260   1215    3.245866 1.243359 4.199498    4.243320 1.188951 4.153411    5.240775 1.134543 4.107325
39   1259 1260 1261   1215    4.243320 1.188951 4.153411    5.240775 1.134543 4.107325    6.238230 1.080134 4.061238
40   1260 1261 1262   1215    5.240775 1.134543 4.107325    6.238230 1.080134 4.061238    7.235684 1.025726 4.015151
41   1261 1262 1263   1215    6.238230 1.080134 4.061238    7.235684 1.025726 4.015151    8.233139 0.971318 3.969064
42   1262 1263 1264   1215    7.235684 1.025726 4.015151    8.233139 0.971318 3.969064    9.230594 0.916910 3.922978
43   1265 1266 1267   1216    7.584299 6.113183 2.250036    8.536205 5.945451 2.506437    9.488111 5.777719 2.762837
44   1266 1267 1268   1216    8.536205 5.945451 2.506437    9.488111 5.777719 2.762837    10.440017 5.609987 3.019238
45   1267 1268 1269   1216    9.488111 5.777719 2.762837    10.440017 5.609987 3.019238    11.391923 5.442255 3.275638
46   1268 1269 1270   1216    10.440017 5.609987 3.019238    11.391923 5.442255 3.275638    12.343829 5.274523 3.532039
47   1269 1270 1271   1216    11.391923 5.442255 3.275638    12.343829 5.274523 3.532039    13.295734 5.106791 3.788439
48   1270 1271 1272   1216    12.343829 5.274523 3.532039    13.295734 5.106791 3.788439    14.247640 4.939059 4.044840
49   1273 1274 1275   1217    2.391518 8.592700 12.149049    3.382206 8.606263 12.013571    4.372893 8.619827 11.878093
50   1274 1275 1276   1217    3.382206 8.606263 12.013571    4.372893 8.619827 11.878093    5.363581 8.633391 11.742615
51   1275 1276 1277   1217    4.372893 8.619827 11.878093    5.363581 8.633391 11.742615    6.354268 8.646954 11.607137
52   1276 1277 1278   1217    5.363581 8.633391 11.742615    6.354268 8.646954 11.607137    7.344956 8.660518 11.471659
53   1277 1278 1279   1217    6.354268 8.646954 11.607137    7.344956 8.660518 11.471659    8.335644 8.674082 11.336182
54   1278 1279 1280   1217    7.344956 8.660518 11.471659    8.335644 8.674082 11.336182    9.326331 8.687645 11.200704
55   1281 1282 1283   1218    3.792389 9.648989 8.639974    4.761392 9.686255 8.884196    5.730395 9.723520 9.128417
56   1282 1283 1284   1218    4.761392 9.686255 8.884196    5.730395 9.723520 9.128417    6.699398 9.760785 9.372639
57   1283 1284 1285   1218    5.730395 9.723520 9.128417    6.699398 9.760785 9.372639    7.668402 9.798051 9.616860
58   1284 1285 1286   1218    6.699398 9.760785 9.372639    7.668402 9.798051 9.616860    8.637405 9.835316 9.861081
59   1285 1286 1287   1218    7.668402 9.798051 9.616860    8.637405 9.835316 9.861081    9.606408 9.872581 10.105303
60   1286 1287 1288   1218    8.637405 9.835316 9.861081    9.606408 9.872581 10.105303    10.575411 9.909847 10.349524

DIHEDRALS (# A B C D body | coords...)

1   1209 1210 1211 1212   1209    6.510731 3.875615 16.373911    7.465286 3.808179 16.083608    8.419842 3.740742 15.793305    9.374397 3.673306 15.503002
2   1210 1211 1212 1213   1209    7.465286 3.808179 16.083608    8.419842 3.740742 15.793305    9.374397 3.673306 15.503002    10.328953 3.605869 15.212699
3   1211 1212 1213 1214   1209    8.419842 3.740742 15.793305    9.374397 3.673306 15.503002    10.328953 3.605869 15.212699    11.283509 3.538433 14.922396
4   1212 1213 1214 1215   1209    9.374397 3.673306 15.503002    10.328953 3.605869 15.212699    11.283509 3.538433 14.922396    12.238064 3.470996 14.632093
5   1213 1214 1215 1216   1209    10.328953 3.605869 15.212699    11.283509 3.538433 14.922396    12.238064 3.470996 14.632093    13.192620 3.403560 14.341790
6   1217 1218 1219 1220   1210    2.015317 8.466731 1.835419    2.997616 8.379676 2.001278    3.979915 8.292621 2.167138    4.962215 8.205566 2.332998
7   1218 1219 1220 1221   1210    2.997616 8.379676 2.001278    3.979915 8.292621 2.167138    4.962215 8.205566 2.332998    5.944514 8.118512 2.498857
8   1219 1220 1221 1222   1210    3.979915 8.292621 2.167138    4.962215 8.205566 2.332998    5.944514 8.118512 2.498857    6.926814 8.031457 2.664717
9   1220 1221 1222 1223   1210    4.962215 8.205566 2.332998    5.944514 8.118512 2.498857    6.926814 8.031457 2.664717    7.909113 7.944402 2.830577
10   1221 1222 1223 1224   1210    5.944514 8.118512 2.498857    6.926814 8.031457 2.664717    7.909113 7.944402 2.830577    8.891412 7.857347 2.996436
11   1225 1226 1227 1228   1211    4.644064 14.699204 1.431528    5.638950 14.600147 1.411766    6.633836 14.501091 1.392005    7.628721 14.402035 1.372243
12   1226 1227 1228 1229   1211    5.638950 14.600147 1.411766    6.633836 14.501091 1.392005    7.628721 14.402035 1.372243    8.623607 14.302979 1.352481
13   1227 1228 1229 1230   1211    6.633836 14.501091 1.392005    7.628721 14.402035 1.372243    8.623607 14.302979 1.352481    9.618492 14.203922 1.332720
14   1228 1229 1230 1231   1211    7.628721 14.402035 1.372243    8.623607 14.302979 1.352481    9.618492 14.203922 1.332720    10.613378 14.104866 1.312958
15   1229 1230 1231 1232   1211    8.623607 14.302979 1.352481    9.618492 14.203922 1.332720    10.613378 14.104866 1.312958    11.608263 14.005810 1.293196
16   1233 1234 1235 1236   1212    1.666110 4.958411 12.056254    2.621879 4.967974 12.350217    3.577648 4.977536 12.644180    4.533417 4.987099 12.938142
17   1234 1235 1236 1237   1212    2.621879 4.967974 12.350217    3.577648 4.977536 12.644180    4.533417 4.987099 12.938142    5.489186 4.996662 13.232105
18   1235 1236 1237 1238   1212    3.577648 4.977536 12.644180    4.533417 4.987099 12.938142    5.489186 4.996662 13.232105    6.444955 5.006225 13.526068
19   1236 1237 1238 1239   1212    4.533417 4.987099 12.938142    5.489186 4.996662 13.232105    6.444955 5.006225 13.526068    7.400724 5.015788 13.820031
20   1237 1238 1239 1240   1212    5.489186 4.996662 13.232105    6.444955 5.006225 13.526068    7.400724 5.015788 13.820031    8.356493 5.025351 14.113994
21   1241 1242 1243 1244   1213    3.096647 1.225390 16.325307    4.065421 1.151996 16.088473    5.034195 1.078602 15.851638    6.002969 1.005207 15.614804
22   1242 1243 1244 1245   1213    4.065421 1.151996 16.088473    5.034195 1.078602 15.851638    6.002969 1.005207 15.614804    6.971743 0.931813 15.377970
23   1243 1244 1245 1246   1213    5.034195 1.078602 15.851638    6.002969 1.005207 15.614804    6.971743 0.931813 15.377970    7.940516 0.858419 15.141136
24   1244 1245 1246 1247   1213    6.002969 1.005207 15.614804    6.971743 0.931813 15.377970    7.940516 0.858419 15.141136    8.909290 0.785025 14.904302
25   1245 1246 1247 1248   1213    6.971743 0.931813 15.377970    7.940516 0.858419 15.141136    8.909290 0.785025 14.904302    9.878064 0.711630 14.667468
26   1249 1250 1251 1252   1214    1.340846 8.482851 42.983770    2.335348 8.399481 43.047138    3.329849 8.316112 43.110506    4.324351 8.232743 43.173873
27   1250 1251 1252 1253   1214    2.335348 8.399481 43.047138    3.329849 8.316112 43.110506    4.324351 8.232743 43.173873    5.318853 8.149374 43.237241
28   1251 1252 1253 1254   1214    3.329849 8.316112 43.110506    4.324351 8.232743 43.173873    5.318853 8.149374 43.237241    6.313355 8.066004 43.300609
29   1252 1253 1254 1255   1214    4.324351 8.232743 43.173873    5.318853 8.149374 43.237241    6.313355 8.066004 43.300609    7.307857 7.982635 43.363977
30   1253 1254 1255 1256   1214    5.318853 8.149374 43.237241    6.313355 8.066004 43.300609    7.307857 7.982635 43.363977    8.302359 7.899266 43.427345
31   1257 1258 1259 1260   1215    2.248411 1.297767 4.245585    3.245866 1.243359 4.199498    4.243320 1.188951 4.153411    5.240775 1.134543 4.107325
32   1258 1259 1260 1261   1215    3.245866 1.243359 4.199498    4.243320 1.188951 4.153411    5.240775 1.134543 4.107325    6.238230 1.080134 4.061238
33   1259 1260 1261 1262   1215    4.243320 1.188951 4.153411    5.240775 1.134543 4.107325    6.238230 1.080134 4.061238    7.235684 1.025726 4.015151
34   1260 1261 1262 1263   1215    5.240775 1.134543 4.107325    6.238230 1.080134 4.061238    7.235684 1.025726 4.015151    8.233139 0.971318 3.969064
35   1261 1262 1263 1264   1215    6.238230 1.080134 4.061238    7.235684 1.025726 4.015151    8.233139 0.971318 3.969064    9.230594 0.916910 3.922978
36   1265 1266 1267 1268   1216    7.584299 6.113183 2.250036    8.536205 5.945451 2.506437    9.488111 5.777719 2.762837    10.440017 5.609987 3.019238
37   1266 1267 1268 1269   1216    8.536205 5.945451 2.506437    9.488111 5.777719 2.762837    10.440017 5.609987 3.019238    11.391923 5.442255 3.275638
38   1267 1268 1269 1270   1216    9.488111 5.777719 2.762837    10.440017 5.609987 3.019238    11.391923 5.442255 3.275638    12.343829 5.274523 3.532039
39   1268 1269 1270 1271   1216    10.440017 5.609987 3.019238    11.391923 5.442255 3.275638    12.343829 5.274523 3.532039    13.295734 5.106791 3.788439
40   1269 1270 1271 1272   1216    11.391923 5.442255 3.275638    12.343829 5.274523 3.532039    13.295734 5.106791 3.788439    14.247640 4.939059 4.044840
41   1273 1274 1275 1276   1217    2.391518 8.592700 12.149049    3.382206 8.606263 12.013571    4.372893 8.619827 11.878093    5.363581 8.633391 11.742615
42   1274 1275 1276 1277   1217    3.382206 8.606263 12.013571    4.372893 8.619827 11.878093    5.363581 8.633391 11.742615    6.354268 8.646954 11.607137
43   1275 1276 1277 1278   1217    4.372893 8.619827 11.878093    5.363581 8.633391 11.742615    6.354268 8.646954 11.607137    7.344956 8.660518 11.471659
44   1276 1277 1278 1279   1217    5.363581 8.633391 11.742615    6.354268 8.646954 11.607137    7.344956 8.660518 11.471659    8.335644 8.674082 11.336182
45   1277 1278 1279 1280   1217    6.354268 8.646954 11.607137    7.344956 8.660518 11.471659    8.335644 8.674082 11.336182    9.326331 8.687645 11.200704
46   1281 1282 1283 1284   1218    3.792389 9.648989 8.639974    4.761392 9.686255 8.884196    5.730395 9.723520 9.128417    6.699398 9.760785 9.372639
47   1282 1283 1284 1285   1218    4.761392 9.686255 8.884196    5.730395 9.723520 9.128417    6.699398 9.760785 9.372639    7.668402 9.798051 9.616860
48   1283 1284 1285 1286   1218    5.730395 9.723520 9.128417    6.699398 9.760785 9.372639    7.668402 9.798051 9.616860    8.637405 9.835316 9.861081
49   1284 1285 1286 1287   1218    6.699398 9.760785 9.372639    7.668402 9.798051 9.616860    8.637405 9.835316 9.861081    9.606408 9.872581 10.105303
50   1285 1286 1287 1288   1218    7.668402 9.798051 9.616860    8.637405 9.835316 9.861081    9.606408 9.872581 10.105303    10.575411 9.909847 10.349524

IMPROPERS (# n1 center n2 n3 body | coords...)

