# Time-averaged data for fix 1
# TimeStep Number-of-rows
# Row c_chunkvel[1] c_chunkvel[2] c_chunkvel[3]
1001000 20
1 0 0 0
2 0.23424 2.44213 -0.358566
3 0.0324938 -0.0276536 -0.224114
4 0.0943383 0.212002 -0.0328798
5 0.0279708 0.293286 0.00266989
6 -0.121707 0.488116 0.0865508
7 0.0825949 0.642336 0.165293
8 0.0921227 0.832598 -0.03237
9 0.00105883 0.885395 0.00408496
10 0.0842304 1.24974 -0.00932574
11 -0.0325986 1.41579 0.023825
12 0.0518726 1.71938 -0.161819
13 0.0362415 2.21389 0.0698677
14 -0.0261939 2.3883 -0.0504662
15 0.123162 2.99034 0.00287365
16 0.102369 3.73242 -0.014003
17 0.00635864 4.36344 0.0257566
18 0.0213594 4.58752 0.109085
19 -0.28875 4.06172 -0.363429
20 0 0 0
1002000 20
1 0 0 0
2 -1.32675 2.39135 0.813157
3 -0.00757093 0.0826457 -0.184769
4 -0.0199325 0.243855 -0.0244963
5 -0.0365459 0.276074 0.0448955
6 -0.120211 0.448502 0.0281957
7 0.122922 0.694976 0.0764537
8 0.0357509 0.849016 0.052354
9 0.0546223 0.87391 0.0996202
10 0.0927313 1.24016 -0.100712
11 0.0362735 1.3798 0.136111
12 -0.0479718 1.76228 -0.0892811
13 0.0232375 2.1487 0.163981
14 0.0164637 2.45542 0.0300529
15 0.041502 3.00524 -0.0613284
16 0.0528851 3.65891 0.112374
17 -0.174143 4.36736 0.0512168
18 -0.00808098 4.64018 0.0284
19 -0.209979 3.88879 -0.0150183
20 0 0 0
1003000 20
1 0 0 0
2 -1.05663 0.281825 0.442192
3 0.000598878 0.161511 -0.0847221
4 -0.109073 0.278662 -0.156946
5 -0.0446068 0.223696 0.0538709
6 -0.138948 0.471443 -0.016269
7 0.0526539 0.737478 0.0811359
8 0.00767351 0.825568 0.0449802
9 0.0227422 0.8587 0.193477
10 0.0215632 1.2076 -0.0354404
11 0.0258934 1.42874 0.2068
12 -0.119734 1.7601 -0.021818
13 0.0546287 2.1244 0.0376567
14 -0.0866557 2.44673 0.0417548
15 -0.00515331 3.05768 -0.0882615
16 -0.016908 3.61305 0.159225
17 -0.0448117 4.42014 -0.0550192
18 -0.0360526 4.61717 0.0242562
19 -0.922904 5.32997 -0.0755024
20 0 0 0
1004000 20
1 0 0 0
2 0.199411 -1.83934 -0.314357
3 -0.067221 0.0761476 -0.0153694
4 -0.091326 0.351193 -0.167814
5 -0.0614955 0.183175 0.0855519
6 0.0141203 0.503065 -0.0104233
7 -0.0169468 0.740221 0.0100881
8 0.00706149 0.771047 0.131543
9 0.00357564 0.880801 0.0603568
10 -0.122717 1.23754 0.0117373
11 0.0811604 1.45302 0.128041
12 0.0150748 1.77225 -0.0218347
13 -0.0630964 2.08336 0.178542
14 0.0303126 2.46456 0.0716244
15 -0.0509542 3.13976 0.0616882
16 0.012757 3.53564 -0.00650071
17 -0.0115909 4.48458 -0.0409622
18 -0.0435717 4.58987 -0.0168659
19 0.468946 5.4489 0.0800414
20 0 0 0
1005000 20
1 0 0 0
2 0.291681 -1.90721 -2.16649
3 0.0172505 0.0505108 0.107007
4 -0.0658609 0.353733 -0.122911
5 0.0578375 0.212118 0.0673852
6 0.00179365 0.483127 0.0125448
7 -0.0117167 0.730528 0.0303072
8 0.000415167 0.767275 0.00590805
9 -0.0407194 0.882967 0.00691865
10 -0.0482005 1.25988 -0.0309416
11 -0.106022 1.45357 -0.0353949
12 0.0888517 1.78512 0.023386
13 0.0356413 2.06665 0.168869
14 -0.0670113 2.4818 0.0518142
15 -0.151029 3.08075 0.0989029
16 -0.11158 3.57057 -0.0110912
17 -0.0758429 4.47995 -0.122006
18 -0.0792259 4.69055 0.00420237
19 0.372816 6.37539 -0.367048
20 0 0 0
1006000 20
1 0 0 0
2 -0.0937317 -2.07668 -0.870475
3 -0.1023 0.0115777 0.115745
4 0.018255 0.377773 0.0140505
5 0.098779 0.199799 -0.0425868
6 -0.00642335 0.531652 0.0932931
7 0.0114854 0.660651 0.0726281
8 -0.00615496 0.795173 0.0395871
9 -0.0244084 0.890023 -0.0894416
10 0.0912422 1.26043 -0.0329862
11 -0.10195 1.49628 0.0107076
12 0.0540936 1.75347 0.00151094
13 -0.0124597 2.04646 0.0540758
14 -0.0758537 2.4785 -0.0235935
15 -0.121235 3.1423 -0.0188835
16 -0.115918 3.60038 -0.0800723
17 -0.0215785 4.42225 -0.161996
18 -0.201794 4.76734 -0.0383593
19 0.426567 6.04144 1.35324
20 0 0 0
1007000 20
1 0 0 0
2 0.226295 -2.33237 1.1128
3 0.0335171 0.0914436 0.153782
4 0.0558569 0.335757 0.114851
5 -0.00763354 0.155085 0.0320498
6 0.0165455 0.590328 -0.0110309
7 -0.0374778 0.584545 0.0308682
8 -0.0250262 0.854313 0.0293486
9 0.0974724 0.872102 0.0665915
10 0.0848623 1.28107 0.0540643
11 0.00222553 1.45817 0.0130889
12 -0.130412 1.76904 0.0719019
13 -0.033724 2.07747 -0.0602746
14 0.0172522 2.44126 -0.00823793
15 -0.0186117 3.0946 -0.0500972
16 -0.130195 3.64458 -0.054108
17 0.067137 4.42789 -0.0478025
18 0.0153264 4.67628 -0.0137265
19 0.734826 4.63437 -0.21925
20 0 0 0
1008000 20
1 0 0 0
2 0.0358083 -2.30517 0.748065
3 0.172392 0.137292 0.0250604
4 0.0231343 0.292423 0.12661
5 -0.0203274 0.181188 0.0108261
6 0.1136 0.636367 0.0264316
7 -0.0439449 0.55297 0.0931301
8 0.0430227 0.875622 0.0193567
9 0.102665 0.864648 0.0689423
10 0.168438 1.28723 -0.0591207
11 -0.0219138 1.44643 0.12375
12 -0.1105 1.75735 0.0494336
13 -0.0446187 2.11141 -0.0485209
14 -0.0394335 2.43305 0.0285927
15 0.0509876 3.09239 0.0498912
16 0.0265608 3.6524 -0.0337268
17 0.146482 4.37431 0.0170955
18 0.0967068 4.57519 -0.0911659
19 -0.307534 3.42029 0.0225116
20 0 0 0
1009000 20
1 0 0 0
2 0.414262 -2.26083 0.595899
3 0.0401569 0.0637424 -0.00861877
4 -0.0181878 0.33703 0.0187378
5 0.00329823 0.175647 0.0441006
6 0.0998676 0.617035 0.0680771
7 0.0179269 0.605295 0.0959842
8 0.00684951 0.830803 0.0291145
9 0.0273059 0.872924 -0.0101515
10 0.041801 1.32292 -0.0591697
11 -0.051644 1.39467 -0.00175681
12 -0.0781881 1.78313 -0.0319435
13 -0.0326666 2.0928 -0.0325829
14 0.0241787 2.4799 0.0463231
15 -0.0100693 3.07704 -0.0784289
16 -0.0280502 3.64257 -0.193739
17 0.160962 4.39871 -0.122707
18 -0.064177 4.43331 -0.00365864
19 -1.33359 4.08906 -0.408101
20 0 0 0
1010000 20
1 0 0 0
2 1.23161 -1.82469 0.185821
3 -0.10411 0.0594273 -0.0492425
4 0.00621217 0.33693 -0.0203525
5 -0.0940209 0.177322 -0.0280301
6 0.167227 0.544483 0.097878
7 -0.0288198 0.6659 0.0609502
8 -0.0204739 0.810012 -0.0332105
9 0.0752783 0.88454 0.080839
10 0.00533907 1.35611 -0.08287
11 0.0629169 1.34497 0.0458443
12 -0.101406 1.83986 -0.0439981
13 0.0357331 2.08315 0.0314038
14 0.144623 2.46908 0.0995567
15 -0.0407946 3.07173 -0.115506
16 0.113964 3.6558 -0.0604863
17 -0.0346564 4.4089 -0.0716986
18 -0.0053535 4.44778 0.0230465
19 -0.265273 4.43317 0.0418705
20 0 0 0
1011000 20
1 0 0 0
2 1.00399 1.12861 -0.418674
3 -0.024241 0.148941 0.116021
4 -0.0847267 0.254804 -0.0355329
5 0.00189618 0.20886 -0.0834074
6 -0.0108772 0.518764 0.0587214
7 -0.0204142 0.721023 0.0723125
8 0.0621175 0.813626 -0.0909318
9 0.106565 0.90144 -0.00344868
10 -0.0473725 1.24782 0.0326003
11 -0.058566 1.35715 0.101325
12 -0.0324782 1.89021 -0.120771
13 0.0195399 2.07283 0.0155297
14 0.149256 2.49274 -0.119166
15 0.00908363 3.05301 -0.0166579
16 0.131404 3.68614 -0.0655098
17 -0.0649817 4.39229 -0.100962
18 -0.0741394 4.58794 0.00969911
19 0.437067 5.27892 0.0696467
20 0 0 0
1012000 20
1 0 0 0
2 -0.712751 2.00275 -0.814377
3 -0.0296611 0.125036 0.177988
4 -0.0912411 0.279426 -0.0859543
5 -0.127808 0.204747 -0.0424159
6 -0.014878 0.519734 0.042395
7 0.0186892 0.7191 0.0758157
8 0.0875387 0.856547 -0.131301
9 0.0107646 0.888781 0.0961337
10 -0.0487337 1.16129 0.0907368
11 -0.0193527 1.41601 -0.00345635
12 0.0224527 1.85674 -0.166899
13 0.0538689 2.10949 0.00248351
14 0.0621159 2.48537 -0.00908965
15 0.076672 2.97497 -0.0250602
16 0.122677 3.8028 0.044027
17 -0.0522197 4.38575 -0.0712015
18 -0.0292922 4.56174 0.0513061
19 -0.258879 5.27615 0.129505
20 0 0 0
1013000 20
1 0 0 0
2 -1.08278 2.02675 -0.540199
3 -0.201846 -0.038332 -0.000953774
4 0.0514245 0.279995 -0.019907
5 -0.0457695 0.240799 -0.0626366
6 0.133815 0.504744 0.0547857
7 -0.0990399 0.699337 0.0929274
8 0.0629349 0.897334 -0.0295407
9 0.00340857 0.826328 -0.0614435
10 -0.100987 1.18337 0.116154
11 -0.033276 1.45731 -0.0406829
12 -0.0419987 1.79769 -0.11451
13 0.0046612 2.16353 -0.0820346
14 0.108818 2.41509 -0.0427209
15 0.0895194 3.0051 -0.108781
16 0.108318 3.77537 0.121484
17 0.0598582 4.40616 0.00974167
18 0.00382709 4.56611 0.00795806
19 0.67136 4.84161 -0.428335
20 0 0 0
1014000 20
1 0 0 0
2 -0.93047 2.09663 0.508943
3 0.0983065 -0.127468 0.0344978
4 -0.0120616 0.20798 0.0454085
5 0.0301734 0.283481 -0.015878
6 0.0051531 0.482523 0.0394167
7 -0.0212925 0.713178 0.0628905
8 0.0351866 0.879261 -0.130179
9 0.0321084 0.822779 -0.11367
10 -0.105813 1.17427 -0.00253549
11 0.0175296 1.43306 -0.00215642
12 -0.0275884 1.77802 -0.145396
13 -0.0126358 2.22836 -0.0570351
14 0.262789 2.39614 -0.0792943
15 0.00570976 3.05258 -0.0952726
16 -0.0465537 3.69966 0.0238881
17 -0.0397999 4.38726 0.0533575
18 -0.0507525 4.53864 -0.161674
19 0.862987 4.7108 -0.011755
20 0 0 0
1015000 20
1 0 0 0
2 0.306217 2.10186 0.622104
3 0.141263 -0.112004 0.121376
4 0.127849 0.163431 -0.0513069
5 0.0160966 0.287668 -0.0248096
6 -0.0464703 0.483093 0.0431844
7 0.0359548 0.732188 0.0466584
8 0.0718579 0.798345 0.00145681
9 0.0101417 0.916833 0.0157923
10 -0.0153288 1.1461 -0.0253148
11 0.0544914 1.41687 0.0842829
12 -0.00522251 1.79163 -0.0929249
13 0.0196787 2.21212 0.0452955
14 0.148221 2.46938 -0.0495463
15 0.00778766 3.00987 -0.0815592
16 -0.0381397 3.73171 0.00620979
17 -0.0428718 4.23921 0.114767
18 -0.139734 4.63435 0.0159335
19 -0.288094 4.94711 -0.135125
20 0 0 0
1016000 20
1 0 0 0
2 -0.149353 2.07791 0.738355
3 -0.0308557 -0.163381 -0.111518
4 -0.0117125 0.159704 -0.00610323
5 0.014488 0.250558 0.0438596
6 -0.127787 0.505174 0.0333454
7 -0.0720304 0.761117 -0.0851506
8 0.0131614 0.741256 -0.0112693
9 -0.0590228 0.928318 0.0506106
10 -0.0513102 1.2086 0.0178073
11 -0.049538 1.4113 -0.0409255
12 0.0226637 1.76073 -0.0891789
13 0.142309 2.18234 0.138975
14 0.151276 2.50711 0.0151886
15 -0.0157588 3.03823 0.0420103
16 0.103724 3.70922 -0.0296239
17 -0.0579308 4.18467 0.161171
18 -0.134018 4.78826 0.0266623
19 -0.551679 3.85623 1.04842
20 0 0 0
1017000 20
1 0 0 0
2 0.0412951 2.06825 -0.0408056
3 -0.0140969 0.127789 -0.000463633
4 -0.149373 0.071817 -0.00708086
5 0.0291008 0.285556 0.0262068
6 0.000844807 0.50529 0.0173021
7 -0.239461 0.784131 -0.149666
8 0.00763969 0.733385 -0.0102284
9 -0.0481822 0.909976 0.0153904
10 0.0127975 1.19716 0.0413384
11 -0.078038 1.4832 -0.0322305
12 -0.0537672 1.72814 0.00781058
13 0.0640591 2.21314 0.113382
14 0.05272 2.51589 0.0250666
15 0.00666562 2.98591 -0.00049549
16 0.139273 3.62325 -0.070666
17 -0.147624 4.25563 0.163052
18 0.0664932 4.81125 0.178346
19 -0.0953372 5.7065 0.491242
20 0 0 0
1018000 20
1 0 0 0
2 -0.112054 1.15584 0.400567
3 0.0785711 0.166918 0.048305
4 0.0345179 0.0943091 0.0542802
5 -0.0545112 0.299553 -0.0230909
6 -0.0532556 0.505264 -0.0259635
7 -0.0931002 0.764328 -0.0181267
8 -0.00274617 0.753324 -0.0721358
9 -0.0273643 0.913878 -0.06292
10 0.0548821 1.16238 -0.0420491
11 -0.0684001 1.45149 0.0475653
12 -0.011793 1.80584 0.0825213
13 -0.00897628 2.17723 -0.0537364
14 0.020649 2.53766 -0.108649
15 -0.0919171 3.00033 -0.0130513
16 0.0134508 3.61368 -0.0732792
17 -0.0811858 4.22898 0.0524989
18 0.171811 4.79408 0.0602457
19 0.0164399 5.6601 0.12539
20 0 0 0
1019000 20
1 0 0 0
2 -0.0379304 -1.35626 0.963227
3 -0.126201 0.00851385 -0.0407301
4 0.121267 0.140825 -0.0298816
5 -0.0172467 0.271325 -0.0199198
6 -0.0578414 0.571859 -0.108369
7 -0.0678199 0.74646 0.0503834
8 -0.0432547 0.755211 -0.0276234
9 7.12023e-06 0.892404 -0.119524
10 -0.0749237 1.18394 -0.0640653
11 0.0780099 1.41672 0.0461487
12 -0.000328442 1.8316 0.0538168
13 -0.0397552 2.15304 -0.0174254
14 -0.0471853 2.5493 0.0118438
15 0.0864599 3.03118 -0.00453316
16 0.108909 3.62667 -0.150094
17 -0.0960608 4.26928 -0.0562393
18 0.0542246 4.64011 0.086316
19 -0.259567 3.83652 0.185235
20 0 0 0
1020000 20
1 0 0 0
2 -0.556455 -1.66888 -2.02648
3 -0.0952575 -0.0936592 0.0690046
4 0.00589684 0.15342 0.058455
5 0.0407546 0.279479 -0.0579671
6 -0.0285852 0.595772 -0.13957
7 -0.128879 0.697168 0.0354694
8 -0.0211372 0.779613 -0.01679
9 -0.037943 0.878311 0.0259666
10 -0.118332 1.17958 0.0745588
11 0.057134 1.44605 0.0208656
12 -0.0507812 1.7891 -0.0123618
13 -0.017049 2.19805 0.0866961
14 -0.0866708 2.57003 -0.0377034
15 0.14759 2.96575 0.0341962
16 0.065406 3.67139 -0.152598
17 0.0504007 4.28084 0.123706
18 0.0466294 4.58828 0.106517
19 -0.500184 3.66945 0.0828666
20 0 0 0
1021000 20
1 0 0 0
2 0.176342 -1.71234 -0.477259
3 0.0496779 -0.0416178 0.0175044
4 0.00786003 0.138863 -0.0557349
5 -0.0513758 0.318967 -0.0601313
6 -0.0627131 0.550982 0.00812732
7 -0.0747597 0.712488 -0.104578
8 -0.0836714 0.770798 -0.0495494
9 -0.0588387 0.915688 0.0314696
10 0.039111 1.14033 0.152506
11 -0.143069 1.47376 -0.0301175
12 -0.0115089 1.73454 -0.102943
13 0.0250097 2.26045 0.0850327
14 -0.115442 2.55484 -0.0939415
15 -0.0960024 2.95682 0.0484463
16 0.0656821 3.60595 0.0653221
17 0.00896936 4.30207 0.0126843
18 0.0298672 4.6948 0.0617874
19 0.151383 4.7815 0.174518
20 0 0 0
1022000 20
1 0 0 0
2 -0.230453 -1.80279 0.000478026
3 0.0153381 0.0570076 -0.108473
4 -0.038949 0.141244 -0.0310905
5 -0.117475 0.338 -0.0528831
6 -0.0597099 0.472883 -0.0372798
7 0.00533568 0.756424 -0.0145243
8 -0.112671 0.770068 -0.0847378
9 0.0421816 0.959034 0.0028023
10 0.0611354 1.12342 0.0219372
11 -0.0765527 1.46017 0.164668
12 0.0181663 1.73661 -0.0720331
13 0.05375 2.28156 -0.0105956
14 -0.0213476 2.546 -0.0340254
15 -0.0585476 2.92437 0.0427938
16 -0.130369 3.61138 0.0412246
17 0.0257881 4.29557 -0.0558394
18 0.00585643 4.80476 -0.0131458
19 0.0322677 5.72912 -0.161387
20 0 0 0
1023000 20
1 0 0 0
2 -1.41361 -1.82677 0.419128
3 -0.137082 0.0181768 -0.0546404
4 -0.128964 0.167977 -0.0222846
5 -0.0181279 0.350749 0.0482618
6 0.0142211 0.447674 -0.146717
7 -0.0444638 0.742991 -0.00178783
8 -0.0798711 0.818574 0.016147
9 -0.00420675 0.968376 0.011642
10 -0.0434436 1.09551 -0.0489095
11 -0.0195463 1.42958 0.121662
12 -0.0721178 1.77086 -0.0103155
13 0.0753985 2.24643 0.00529686
14 0.0575668 2.55437 0.0377028
15 0.102684 2.93048 0.0388953
16 -0.0117018 3.58206 0.070406
17 0.00400443 4.30073 -0.0667582
18 -0.0286412 4.76472 -0.116839
19 0.183114 5.32517 -0.439018
20 0 0 0
1024000 20
1 0 0 0
2 1.27152 -1.26503 0.38297
3 0.0475708 -0.0299325 -0.0261982
4 -0.063893 0.187076 -0.0152857
5 0.0251917 0.319566 0.068129
6 0.0620661 0.420757 -0.107416
7 -0.176148 0.825626 0.0185388
8 -0.098497 0.781773 -0.0590107
9 -0.0473421 0.985416 0.105015
10 -0.0286604 1.05019 0.00830729
11 -0.0205062 1.4457 0.113889
12 -0.0719556 1.79967 0.105111
13 0.0729019 2.23674 -0.106485
14 0.101368 2.55278 0.0559255
15 0.190761 2.92133 0.028852
16 -0.0411093 3.60159 0.0502504
17 0.0830538 4.28922 -0.0251285
18 -0.0633372 4.62359 -0.150629
19 0.159125 4.28513 0.336819
20 0 0 0
1025000 20
1 0 0 0
2 1.44355 -0.931943 -0.376583
3 0.0224648 -0.0185965 -0.0792562
4 -0.0372514 0.223236 -0.0458001
5 -0.00617638 0.273841 -0.0186713
6 0.0516071 0.466378 -0.00763638
7 -0.0890619 0.796479 -0.0223414
8 -0.0727204 0.828762 0.0525574
9 -0.0741694 0.897306 -0.010959
10 0.0108331 1.08991 0.085356
11 -0.0954766 1.41942 0.0193447
12 0.0278687 1.86336 0.0549637
13 0.0471693 2.22237 -0.0724737
14 0.0181017 2.52642 0.0952399
15 0.118191 2.945 0.0669205
16 -0.205788 3.55567 0.0210498
17 0.108504 4.32585 -0.0586022
18 0.0371294 4.57391 -0.0632811
19 0.120673 3.36138 0.119926
20 0 0 0
1026000 20
1 0 0 0
2 0.366241 -0.935695 -0.0494172
3 0.0578586 -0.0503012 0.0112513
4 -0.109982 0.227208 -0.0895833
5 1.56426e-05 0.332147 -0.11714
6 -0.0426339 0.456328 0.014812
7 -0.0145971 0.807442 0.00723418
8 -0.035149 0.860398 0.0229806
9 -0.0516178 0.892476 0.016233
10 -0.00611762 1.08651 0.171221
11 -0.00133712 1.38238 -0.0977675
12 0.0490664 1.89398 0.0294884
13 -0.158992 2.231 0.0651475
14 0.131091 2.51479 0.00445211
15 -0.0206892 2.97199 0.0848732
16 -0.125021 3.51958 0.0378972
17 0.0595204 4.3726 -0.105921
18 -0.133637 4.68442 0.0146363
19 0.418802 3.47424 -0.244063
20 0 0 0
1027000 20
1 0 0 0
2 -0.944181 -0.970796 0.24886
3 0.0661957 0.000533556 0.0895154
4 -0.125046 0.219716 -0.0756259
5 0.156774 0.34169 -0.116191
6 0.00869391 0.463334 0.0498425
7 0.101918 0.814703 0.0888719
8 -0.00556148 0.870187 -0.0521568
9 0.0435046 0.874999 0.0292537
10 0.0848022 1.07762 0.281749
11 0.106829 1.34933 -0.0803663
12 -0.0548767 1.94186 0.0073757
13 -0.0904194 2.22498 -0.0550385
14 -0.00213188 2.51365 0.0363532
15 -0.0831158 3.04514 -0.1531
16 -0.0128683 3.52224 0.00265086
17 -0.0315667 4.38309 -0.0346639
18 -0.162847 4.75282 0.00755218
19 -0.369441 5.39268 -0.497499
20 0 0 0
1028000 20
1 0 0 0
2 0.500994 -0.938152 -0.252103
3 -0.0966223 0.0776605 -0.0385988
4 -0.0682177 0.195696 -0.0430381
5 0.0041006 0.277445 0.0370857
6 0.0616408 0.488075 -0.0434581
7 0.117763 0.809504 0.156689
8 0.00076774 0.890256 -0.102427
9 -0.00575793 0.89224 -0.0297227
10 0.0441119 1.09621 0.115203
11 -0.0250121 1.31784 -0.0428303
12 -0.0698632 1.95579 0.0306576
13 0.00574461 2.24865 -0.0881341
14 -0.018364 2.44807 0.0563539
15 -0.0705957 3.09329 -0.0436397
16 0.00618116 3.56024 0.0530002
17 -0.11782 4.31531 0.101321
18 -0.0384877 4.76332 -0.0432747
19 0.171881 5.5981 0.404414
20 0 0 0
1029000 20
1 0 0 0
2 0.798316 -0.425482 0.159497
3 -0.068939 0.112131 -0.0880378
4 -0.0269585 0.200565 0.00242108
5 0.0678996 0.262999 -0.0953479
6 0.0313321 0.441155 -0.0241848
7 0.0176189 0.909516 0.122511
8 -0.0168048 0.796562 -0.0239327
9 0.0447427 0.932045 -0.0716067
10 0.0740359 1.13037 0.130152
11 -0.0323229 1.30722 0.0308313
12 0.00375068 1.95117 -0.0017609
13 0.0814582 2.23523 -0.0221627
14 -0.00945244 2.45482 0.00902552
15 0.0522205 3.05475 0.129205
16 0.182344 3.57295 0.0531517
17 -0.0653538 4.32719 0.0482949
18 0.0365413 4.72761 -0.04018
19 -0.748523 5.4732 0.46133
20 0 0 0
1030000 20
1 0 0 0
2 -0.961198 0.511134 0.0675805
3 -0.0288191 0.150014 -0.041172
4 -0.0647225 0.181496 -0.106208
5 0.00769698 0.281296 -0.0488969
6 -0.133794 0.421118 0.037485
7 0.00519251 0.955666 -0.01336
8 -0.0437833 0.759736 0.00758982
9 -0.012723 0.954532 -0.0183082
10 0.0150107 1.1355 0.122681
11 0.112067 1.3523 0.0642776
12 -0.0338813 1.89164 -0.0298585
13 -0.0317108 2.25368 0.0120106
14 -0.0343925 2.44844 -0.075343
15 0.0391111 3.04974 0.0777349
16 0.0269648 3.54698 0.0398299
17 0.0381203 4.32675 0.0287614
18 0.0233498 4.74808 0.0415433
19 -0.253357 4.60829 0.213965
20 0 0 0
1031000 20
1 0 0 0
2 -0.343219 0.93816 0.0718922
3 -0.0574234 0.205938 0.100095
4 -0.110158 0.180572 -0.209665
5 -0.0776873 0.298344 0.002515
6 -0.0673937 0.459804 0.132626
7 -0.00201476 0.944962 -0.0200558
8 0.00539608 0.739061 0.00193312
9 -0.0468963 0.935899 0.0242515
10 0.068992 1.15117 0.133966
11 -0.0597864 1.37829 0.0207565
12 0.0289675 1.88267 0.0189413
13 -0.0558666 2.25559 -0.0335247
14 -0.0478401 2.42067 -0.176831
15 0.0725537 3.09401 -0.0107466
16 -0.014225 3.54731 -0.0183134
17 -0.0739906 4.38593 0.0951695
18 0.0573421 4.63539 0.0640226
19 0.449222 3.20878 -0.0048432
20 0 0 0
1032000 20
1 0 0 0
2 -1.28712 0.970635 -0.0633988
3 0.0472092 0.179276 0.0179238
4 -0.0598193 0.192965 0.0759053
5 -0.0328592 0.343576 -0.126005
6 -0.0208984 0.440506 0.183908
7 -0.0937888 0.903324 0.0653677
8 -0.120827 0.730962 -0.0488983
9 -0.0447616 0.920105 -0.0527088
10 -0.0638409 1.20807 0.0521532
11 -0.0415115 1.4244 -0.104994
12 -0.00885653 1.83966 0.013456
13 -0.0315118 2.24589 0.0692289
14 0.121476 2.41356 0.0704763
15 0.0686478 3.07771 0.0118631
16 0.0761701 3.56771 -0.108705
17 -0.042401 4.36576 0.120912
18 -0.0418365 4.58355 -0.0659564
19 0.0423206 3.72861 0.324226
20 0 0 0
1033000 20
1 0 0 0
2 0.576951 1.12693 -1.21255
3 -0.0652285 0.00627437 -0.0179169
4 0.109338 0.199225 0.027978
5 0.0224544 0.419764 -0.0759699
6 -0.023078 0.361108 0.0933398
7 -0.104359 0.907858 0.105141
8 0.0694121 0.766411 -0.0863014
9 -0.0296087 0.92445 -0.0799266
10 -0.0680915 1.21401 -0.0384376
11 0.0636145 1.41347 -0.0836903
12 -0.0728043 1.79812 -0.0156303
13 0.0618708 2.20872 0.105425
14 0.0711212 2.45743 0.0645056
15 0.125521 3.08109 -0.133832
16 -0.0500637 3.57096 -0.0783187
17 -0.005057 4.35479 0.0991444
18 0.013664 4.56033 -0.0292308
19 -0.362378 4.81943 0.12945
20 0 0 0
1034000 20
1 0 0 0
2 1.81076 1.30677 -0.582837
3 -0.118713 -0.0812012 0.00903463
4 0.118307 0.181453 -0.0368129
5 0.0380738 0.468437 -0.0649365
6 -0.0201187 0.329607 0.0530257
7 -0.0211319 0.95081 0.0799284
8 -0.0909784 0.758733 -0.0674608
9 -0.025478 0.908856 -0.031076
10 0.0132704 1.27585 0.0182527
11 0.0360131 1.37441 -0.0638627
12 -0.0191489 1.74953 -0.0840626
13 -0.113385 2.20083 -0.0273184
14 -0.0173552 2.469 0.0333158
15 0.0495594 3.04646 -0.0611506
16 -0.0899726 3.58245 0.0035761
17 -0.0625832 4.33406 0.102789
18 0.00568574 4.67516 0.11502
19 -0.828582 6.35958 -0.827434
20 0 0 0
1035000 20
1 0 0 0
2 0.828674 1.51805 -0.697021
3 -0.0287249 -0.0471403 0.0752973
4 0.00306129 0.215464 -0.0142245
5 0.0721286 0.455829 -0.0665043
6 0.00421071 0.269828 -0.04255
7 -0.0538533 0.892344 0.00023912
8 -0.115156 0.815671 0.0524302
9 -0.0208427 0.95678 -0.0126186
10 0.174986 1.25115 0.0907262
11 -0.0754832 1.35034 -0.0422493
12 -0.0167767 1.79285 -0.0670492
13 -0.0315056 2.15705 -0.0116737
14 0.040946 2.4942 -0.0220302
15 -0.150579 3.02774 -0.0703879
16 0.0483242 3.59736 -0.0111423
17 -0.0233219 4.33006 -0.0407258
18 0.0921555 4.71609 0.0687248
19 -0.415064 6.43781 -1.86109
20 0 0 0
1036000 20
1 0 0 0
2 0.19435 1.55418 -0.0662279
3 0.00952965 0.120144 -0.0633147
4 0.0546367 0.175072 0.0325703
5 -0.0136205 0.417316 -0.139269
6 0.0379654 0.340234 0.00899394
7 0.0206382 0.836804 0.0233981
8 -0.0945432 0.837364 0.0395729
9 -0.0529074 0.969815 -0.0363777
10 0.138912 1.20804 0.107564
11 -0.0259478 1.36323 0.0307404
12 0.0618978 1.79794 -0.0453823
13 0.0888104 2.18433 0.0375584
14 0.0197875 2.51917 -0.0757292
15 -0.0893187 2.9778 -0.00141695
16 -0.0534535 3.69595 0.0980363
17 0.0531047 4.29388 0.0848976
18 0.0587514 4.82049 -0.00408823
19 -0.680436 6.15159 0.141135
20 0 0 0
1037000 20
1 0 0 0
2 -0.145153 1.06213 -0.348043
3 0.0811223 0.176192 0.0235233
4 0.0734079 0.198862 -0.0231387
5 -0.0443672 0.383044 -0.0107015
6 0.117791 0.420826 0.0680268
7 0.0816659 0.790193 0.0216377
8 -0.000638757 0.807508 -0.0813773
9 -0.0745105 1.00431 0.0346148
10 0.0930822 1.21422 0.0909668
11 -0.0470582 1.36697 0.0572171
12 -0.0171742 1.79523 -0.0541096
13 0.0380049 2.15393 0.0255357
14 0.0804345 2.53703 -0.0366518
15 0.0520208 2.97857 0.0121408
16 -0.155997 3.71068 0.140277
17 -0.0447372 4.29519 0.0497325
18 -0.0492751 4.8914 -0.00782314
19 -0.0321567 4.42788 -0.169938
20 0 0 0
1038000 20
1 0 0 0
2 -0.309349 0.238213 1.84011
3 0.0174181 0.164873 -0.0742376
4 -0.0192675 0.236739 -0.0448646
5 -0.00330381 0.31401 0.0145194
6 0.0963975 0.511928 0.0983097
7 0.0555546 0.772882 0.0202075
8 -0.157322 0.808261 0.0496682
9 -0.101314 1.01235 0.0855229
10 0.0918386 1.1735 -0.00791141
11 -0.117837 1.38996 -0.0262648
12 -0.0168522 1.78287 0.126726
13 0.0213987 2.16752 -0.0133993
14 0.0736052 2.46932 -0.00210112
15 0.0827839 3.02219 0.0714043
16 -0.0854725 3.72578 0.111449
17 0.044621 4.2705 -0.0240409
18 0.0916694 4.88241 0.0745295
19 0.843552 4.68185 -0.359797
20 0 0 0
1039000 20
1 0 0 0
2 -0.302829 -0.0232162 1.57159
3 0.0899094 0.178919 0.0263769
4 -0.113466 0.200143 -0.0471584
5 -0.058817 0.345208 -0.0606946
6 -0.00539151 0.551681 0.107616
7 -0.107966 0.754014 0.0123597
8 -0.11018 0.84165 -0.0203649
9 -0.0118585 1.02962 -0.0494756
10 -0.106539 1.13268 -0.0302953
11 -0.0375094 1.38458 -0.0547546
12 -0.0516577 1.79627 0.0303294
13 0.0502928 2.17921 -0.019495
14 0.0100074 2.44612 0.0317102
15 0.0516484 3.07072 -0.073828
16 0.00783164 3.69756 0.0763904
17 0.0671582 4.27614 -0.072128
18 0.0567417 4.84616 0.0033567
19 0.307976 4.21656 0.192995
20 0 0 0
1040000 20
1 0 0 0
2 -1.93191 -0.163257 0.931191
3 -0.0519869 0.081077 -0.00396778
4 -0.00894172 0.203052 -0.0596128
5 -0.0278275 0.332118 0.070547
6 -0.0218064 0.547931 0.057919
7 -0.0684051 0.763783 0.004147
8 0.0136612 0.875789 -0.0645939
9 0.0975811 0.987751 0.0119182
10 -0.144584 1.16926 -0.0996941
11 0.0969384 1.35638 0.0458918
12 -0.0485069 1.82399 -0.0680224
13 0.0633391 2.19829 -0.0427708
14 0.0105689 2.4141 0.0647059
15 -0.0843209 3.09164 0.00261501
16 0.0602409 3.67274 0.00592629
17 -0.056469 4.33726 -0.0482524
18 0.0203636 4.7341 0.0375557
19 -0.172116 4.55216 0.0881155
20 0 0 0
1041000 20
1 0 0 0
2 -0.825821 -0.431042 -0.516416
3 0.0241521 -0.0193696 0.0561306
4 0.0720825 0.188877 -0.0337918
5 -0.0049483 0.279568 -0.0723908
6 0.00448576 0.64739 0.131275
7 -0.103075 0.720933 -0.103805
8 -0.0730737 0.870246 -0.0147842
9 0.0300021 1.00046 0.0185316
10 0.0423759 1.18652 -0.0262891
11 0.0851588 1.3054 0.0536787
12 -0.065262 1.8553 0.0742172
13 0.0544152 2.20113 -0.117594
14 0.0644836 2.43489 0.000820823
15 -0.0843355 3.05937 -0.0744108
16 0.00554321 3.67048 -0.0302765
17 0.0226739 4.33198 -0.118853
18 -0.0798102 4.65748 -0.00267578
19 -1.23863 6.12114 0.51394
20 0 0 0
1042000 20
1 0 0 0
2 0.0640973 -0.779155 0.818313
3 -0.115062 -0.0541378 0.0358313
4 0.0860264 0.165602 -0.0745885
5 -0.0571964 0.252259 -0.0403809
6 -0.0908205 0.654042 0.067795
7 -0.0253861 0.711236 -0.0666545
8 -0.159919 0.93029 -0.0638413
9 0.0137106 0.934646 0.0049871
10 0.0764421 1.19535 -0.061599
11 0.127669 1.28614 -0.0705781
12 -0.0434389 1.8661 0.0475224
13 -0.0568813 2.18418 -0.00310436
14 0.0634222 2.49109 -0.0460378
15 0.0197651 3.04032 -0.0348375
16 0.0734566 3.71457 -0.10224
17 0.00211411 4.33753 -0.132241
18 -0.069444 4.61059 0.0606714
19 0.00955282 5.90246 -0.58645
20 0 0 0
1043000 20
1 0 0 0
2 -0.327084 -1.12774 -0.0299891
3 -0.102697 -0.0354811 0.061572
4 -0.0508945 0.147041 0.0374823
5 0.0914128 0.248922 0.0142374
6 -0.10352 0.636088 0.0683569
7 0.00937009 0.741651 -0.129212
8 -0.0326224 0.91071 -0.0112329
9 0.00815647 0.946679 0.0220413
10 0.0714194 1.19624 0.0394028
11 0.0916968 1.32589 -0.0677959
12 -0.0411181 1.86564 0.0625446
13 0.00718845 2.15452 -0.0614701
14 -0.00587906 2.4714 -0.0490921
15 -0.049674 3.06697 -0.0605951
16 0.0897652 3.78298 -0.0481137
17 -0.0299527 4.27931 -0.141407
18 -0.0812236 4.64968 0.0603489
19 -0.648805 6.11545 -0.722993
20 0 0 0
1044000 20
1 0 0 0
2 -1.15488 -1.1592 0.129895
3 0.0527285 -0.064115 -0.108884
4 -0.0860576 0.161462 0.12477
5 0.107067 0.303225 -0.0310802
6 -0.0875696 0.53985 -0.00992308
7 -0.0295287 0.809846 -0.0775124
8 0.0397552 0.844579 -0.045199
9 0.0883924 1.014 -0.0205921
10 -0.00344195 1.14521 0.0393813
11 -0.0031462 1.43412 -0.105771
12 0.0883442 1.79419 0.0448671
13 0.0666935 2.14283 -0.110467
14 0.0337473 2.46138 0.139875
15 0.0102474 3.09242 0.00166351
16 -0.0490366 3.80222 -0.0842538
17 0.0815191 4.30482 -0.019249
18 -0.0854135 4.62871 -0.112257
19 0.0347815 4.34426 0.427156
20 0 0 0
1045000 20
1 0 0 0
2 -0.0173766 0.0330054 0.24339
3 0.0185745 0.00651677 -0.196214
4 -0.0692918 0.134309 0.0991068
5 0.0835791 0.34393 0.0260049
6 -0.0834838 0.515988 0.149728
7 0.0508191 0.812952 -0.00398281
8 0.0476323 0.801175 -0.0288604
9 0.0580775 1.01413 0.0314034
10 -0.0438399 1.16308 0.0502499
11 -0.00445122 1.44926 -0.0842997
12 0.0464984 1.77923 0.0336384
13 0.0268315 2.13785 -0.0697091
14 0.161027 2.47944 0.00991745
15 0.00108459 3.06206 -0.0174762
16 -0.10703 3.82231 -0.190789
17 -0.0383265 4.32966 0.0271413
18 0.0654003 4.56993 -0.197178
19 0.0022163 3.90701 0.58464
20 0 0 0
1046000 20
1 0 0 0
2 1.1161 1.22061 0.116046
3 -0.120107 -0.0200628 -0.0203795
4 -0.00279852 0.11543 0.154443
5 0.0125417 0.361574 -0.0102562
6 -0.0243684 0.538878 0.0373276
7 0.0266714 0.8075 -0.079086
8 0.0206065 0.788317 0.0867316
9 0.0460035 0.974845 0.0205033
10 -0.0102213 1.14448 -0.00671187
11 0.0526383 1.47024 0.0178295
12 -0.0261244 1.7763 0.0589446
13 -0.0183772 2.15173 -0.031515
14 0.153403 2.48258 -0.0353232
15 -0.0572366 3.07529 0.0584394
16 -0.00105241 3.75771 -0.000731972
17 -0.0965125 4.35777 0.0477949
18 -0.0124888 4.57246 -0.0629575
19 -0.202506 3.59983 -0.662381
20 0 0 0
1047000 20
1 0 0 0
2 -0.59873 0.991874 0.962708
3 -0.037121 -0.0161732 0.0645963
4 -0.0292836 0.0367501 0.209176
5 0.00823851 0.426614 0.00901899
6 -0.00960589 0.559908 -0.0117931
7 0.0388046 0.774177 -0.0380115
8 0.0651178 0.804136 0.117434
9 0.146688 0.926885 0.0592311
10 0.0228833 1.18644 -0.0668013
11 -0.0501767 1.44718 0.0726006
12 -0.103099 1.75265 0.0752979
13 0.041756 2.23386 0.0620613
14 -0.0396491 2.47186 -0.0945156
15 -0.0645293 3.02802 0.0565651
16 0.00983143 3.79052 0.0662111
17 0.0873601 4.35693 0.147216
18 -0.0664386 4.63871 0.0293827
19 -0.010008 5.31964 -0.5988
20 0 0 0
1048000 20
1 0 0 0
2 0.575719 -0.530371 -0.857419
3 0.116284 0.0113253 0.0590488
4 -0.10125 0.0166678 0.176121
5 -0.0155215 0.404252 0.062661
6 -0.0459393 0.549398 -0.00567286
7 0.0630323 0.739949 -0.00323932
8 -0.0283754 0.925748 0.0743489
9 0.0907972 0.890183 -0.0145209
10 0.11515 1.15752 0.00534514
11 -0.00253627 1.51015 0.103807
12 0.00600303 1.72956 0.0751572
13 0.0684978 2.21315 -0.0218002
14 0.0422257 2.46479 0.060884
15 -0.171599 3.05419 0.0758293
16 0.0396265 3.70275 0.0156521
17 0.0265211 4.3784 0.0583704
18 -0.0047313 4.67985 0.0226914
19 -0.457577 5.86651 -0.106607
20 0 0 0
1049000 20
1 0 0 0
2 0.714866 -1.18274 -0.940326
3 -0.0105244 0.0390586 0.109569
4 0.0216496 0.0170514 0.0801654
5 0.0209747 0.341256 0.221648
6 -0.0442641 0.574255 -0.0793941
7 0.0669817 0.742771 -0.0243335
8 -0.0119959 0.924325 0.013874
9 -0.165674 0.935029 0.0897869
10 0.157413 1.16238 0.0637686
11 -0.0374901 1.51721 -0.0390637
12 0.0293612 1.74449 0.0314872
13 0.186204 2.10838 0.0471397
14 0.128677 2.51706 -0.0536606
15 -0.0108019 3.02504 0.0715352
16 0.082799 3.72868 -0.058487
17 -0.0433331 4.40543 -0.0118718
18 -0.0491188 4.63291 0.00788007
19 -0.482666 5.71228 0.079492
20 0 0 0
1050000 20
1 0 0 0
2 -0.541014 -1.13709 -0.545586
3 -0.107776 0.0169107 0.0997197
4 -0.0633384 0.0492792 0.141949
5 0.0387365 0.27358 0.0999325
6 0.0303921 0.58422 -0.0497802
7 -0.0198921 0.730307 -0.0380583
8 0.0715421 0.920299 0.000172034
9 -0.169951 0.982379 0.0065282
10 -0.0229408 1.17308 0.0408378
11 -0.0101213 1.42326 -0.0369269
12 0.0281102 1.83053 0.113624
13 0.0436052 2.07387 0.0671899
14 0.124563 2.55826 -0.111169
15 0.0904905 2.96106 -0.0256865
16 -0.0231024 3.73949 -0.187699
17 -0.023796 4.43019 -0.056723
18 -0.0362771 4.70295 -0.0045548
19 -0.648823 4.69445 -0.80659
20 0 0 0
1051000 20
1 0 0 0
2 -0.775815 -0.526137 0.118257
3 -0.0356794 -0.0767286 0.0745183
4 -0.0187007 0.135153 0.137296
5 0.0613343 0.331356 -0.0632951
6 0.0763367 0.473427 0.0231375
7 -0.0726296 0.767006 0.0115039
8 0.0410053 0.910031 0.0728041
9 -0.0389528 0.960225 -0.0236538
10 -0.0653089 1.18589 0.022542
11 -0.0426071 1.40051 -0.00127642
12 0.0880897 1.86898 0.136324
13 -0.0399159 2.0554 -0.0631812
14 0.084187 2.543 -0.145124
15 0.074415 2.97916 -0.0269642
16 0.0358227 3.74299 -0.0922913
17 -0.107425 4.46761 -0.0026978
18 -0.0476584 4.83727 -0.0185201
19 0.898889 4.32385 0.0961487
20 0 0 0
1052000 20
1 0 0 0
2 1.0817 0.555396 -0.293322
3 -0.0193511 -0.0623291 0.0257356
4 0.122362 0.164874 -0.0431936
5 0.00981023 0.384648 0.0462523
6 -0.0366659 0.43812 -0.0596511
7 -0.0578122 0.740182 -0.0346883
8 -0.0547485 0.91281 0.180068
9 -0.0305168 0.912867 -0.066844
10 -0.115195 1.24626 0.0929107
11 -0.0384631 1.38916 0.0143708
12 0.0563249 1.86195 0.0514944
13 0.0438509 2.07728 -0.118617
14 0.185541 2.49409 -0.263184
15 0.149433 3.062 0.00113982
16 -0.0502157 3.73834 -0.0803951
17 0.00454785 4.44294 -0.042394
18 0.062033 4.79643 -0.0304793
19 0.207481 4.81771 0.78535
20 0 0 0
1053000 20
1 0 0 0
2 1.41106 0.755148 0.138884
3 0.193313 -0.00441965 -0.13733
4 0.124409 0.215133 0.00127722
5 0.0368469 0.37419 0.0917953
6 -0.0999925 0.393696 -0.105398
7 0.0671196 0.7865 -0.0428434
8 -0.0598583 0.904678 -0.0359918
9 -0.100587 0.921109 -0.0819455
10 -0.0408068 1.27993 0.0499565
11 -0.0105141 1.3605 0.00823648
12 0.108433 1.87279 0.00351166
13 0.0334723 2.06007 -0.0231189
14 -0.0720985 2.4978 -0.167349
15 0.18102 3.09976 0.0660007
16 0.0279916 3.68307 -0.0149338
17 -0.0794929 4.42515 -0.0443089
18 0.123038 4.73207 0.114929
19 0.33892 3.91198 0.285036
20 0 0 0
1054000 20
1 0 0 0
2 1.86025 0.780616 0.150904
3 0.0072785 0.0897403 -0.112824
4 0.053957 0.216987 0.030999
5 -0.116011 0.369676 0.18205
6 -0.00043213 0.388226 -0.0726716
7 0.137918 0.841505 0.00789849
8 -0.037677 0.85197 0.0771497
9 -0.105051 0.906133 0.00610197
10 -0.108258 1.29399 0.0798124
11 -0.133146 1.39596 0.0155014
12 0.0810817 1.83135 0.0123738
13 0.0499022 2.10854 0.0527419
14 -0.0289679 2.44745 -0.08993
15 0.0494037 3.11343 0.0643651
16 0.0794283 3.7116 -0.17893
17 0.0603603 4.36599 -0.0347078
18 -0.0266334 4.61925 0.157039
19 -0.0198482 3.93523 -0.30664
20 0 0 0
1055000 20
1 0 0 0
2 1.13013 0.694947 -1.1919
3 0.126626 0.0575883 -0.0148242
4 -0.00726677 0.194527 0.0534541
5 -0.0632764 0.37769 0.0554006
6 0.081346 0.466125 0.00241047
7 0.0216405 0.838822 -0.0321227
8 -0.110802 0.808255 -0.0227738
9 -0.025879 0.925405 -0.0349245
10 -0.245016 1.25491 -0.0732582
11 -0.00405798 1.4111 -0.00830157
12 0.0167068 1.78353 -0.00839289
13 -0.0118827 2.21289 -0.0670627
14 -0.0194766 2.41572 -0.0695296
15 -0.0450527 3.05169 0.0806072
16 -0.0252827 3.79441 -0.144258
17 -0.0351768 4.38413 0.00447587
18 -0.0764493 4.50809 -0.0843523
19 -1.05312 4.08428 -0.421788
20 0 0 0
1056000 20
1 0 0 0
2 0.0218733 0.0612745 -1.03178
3 0.0781484 0.0699958 0.0838566
4 0.0727004 0.188481 0.0199308
5 0.0101072 0.341057 0.0962987
6 0.0779493 0.494336 -0.0900276
7 -0.050786 0.835495 -0.0208799
8 -0.0563528 0.795392 0.0507358
9 0.0794025 0.970379 -0.0323912
10 -0.0963665 1.22158 -0.111373
11 0.0395501 1.42655 -0.0318524
12 0.00708891 1.78975 0.129462
13 -0.115007 2.21627 -0.00813436
14 0.000525531 2.38966 -0.0463717
15 -0.0773993 3.01219 0.0494233
16 -0.112651 3.88847 -0.0379048
17 -0.0290361 4.35951 -0.0436314
18 -0.00492628 4.50914 -0.145251
19 -0.0207664 4.91457 1.01736
20 0 0 0
1057000 20
1 0 0 0
2 -1.26138 -0.572642 -0.234759
3 -0.138076 0.108529 -0.0303134
4 0.121733 0.151224 0.130949
5 0.0656801 0.324149 0.0266414
6 0.046062 0.491746 -0.0899869
7 -0.0497051 0.805944 -0.0398182
8 -0.00842093 0.842953 0.0772548
9 0.049451 0.95717 0.0548811
10 -0.104502 1.24174 -0.0682445
11 0.00842733 1.43685 0.157098
12 0.00115881 1.79073 0.122365
13 -0.112805 2.15912 0.0962307
14 -0.0345084 2.44895 -0.13436
15 -0.163077 2.99507 0.0359854
16 -0.214954 3.88103 -0.0840488
17 0.0339163 4.37701 -0.106818
18 -0.0454056 4.62424 -0.0512311
19 0.11609 5.39253 -0.250047
20 0 0 0
1058000 20
1 0 0 0
2 -0.821277 -0.650749 -0.514105
3 -0.0323567 0.0396794 0.0693306
4 0.139226 0.148861 0.14931
5 0.0246203 0.30938 -0.00775664
6 0.00794647 0.492428 0.00367376
7 -0.029389 0.802214 -0.0822729
8 0.0328677 0.834441 0.0359494
9 0.0472 0.965439 0.0466457
10 -0.0646092 1.24963 0.0448223
11 -0.0451612 1.44037 0.0901985
12 -0.077013 1.78111 0.0645753
13 -0.0100511 2.1756 0.0656376
14 0.00882877 2.45843 -0.0163872
15 -0.152326 3.00178 -0.0474301
16 -0.0508603 3.83861 -0.0635102
17 -0.00336213 4.38274 0.0134411
18 -0.0480053 4.67894 0.0396952
19 0.444344 5.497 -0.170174
20 0 0 0
1059000 20
1 0 0 0
2 1.30969 -0.513435 -0.815014
3 -0.00204445 0.044103 0.0159598
4 0.0084444 0.212138 0.0568324
5 -0.0346183 0.294588 0.0756459
6 0.00824686 0.505224 0.098863
7 0.00277782 0.804092 -0.00406761
8 0.161004 0.835526 0.0900604
9 -0.0682284 0.952608 0.0722947
10 -0.00248485 1.24892 0.0152121
11 -0.0166263 1.41958 -0.0493433
12 -0.038819 1.8344 -0.00282107
13 -0.0970389 2.16305 -0.0369097
14 0.030122 2.4483 0.0352289
15 -0.0182259 3.05824 -0.14136
16 0.016988 3.81246 -0.0496949
17 0.0590386 4.41348 0.0697012
18 -0.0745595 4.6203 0.00313909
19 0.350236 5.32869 -0.702512
20 0 0 0
1060000 20
1 0 0 0
2 1.64319 0.303375 -0.356311
3 0.00763387 0.128539 0.131137
4 -0.00835774 0.211287 0.0975623
5 -0.105036 0.314453 0.149814
6 0.188119 0.475463 0.0905806
7 0.0654977 0.794447 -0.000998797
8 0.141869 0.9127 0.0123053
9 -0.0197383 0.897611 -0.063189
10 0.0445452 1.27347 -0.0375866
11 0.0673227 1.43781 0.0550125
12 0.0413891 1.78811 0.0188948
13 0.00579397 2.16416 0.0544047
14 0.0169785 2.45956 0.0481075
15 -0.0652711 3.06436 -0.0742635
16 0.0145862 3.78269 -0.0334767
17 0.133683 4.38917 0.0475424
18 0.00378048 4.6861 0.0348938
19 -0.320955 5.00181 -1.37357
20 0 0 0
1061000 20
1 0 0 0
2 -0.834452 1.45533 0.106956
3 -0.151135 0.161283 0.0946488
4 -0.00155439 0.201702 0.0331978
5 -0.061061 0.304182 0.102352
6 0.0795272 0.508729 0.0385987
7 0.0115881 0.792131 0.00293028
8 0.0770083 0.882739 -0.0316621
9 0.0572491 0.925065 -0.0685829
10 -0.0871792 1.22117 -0.108475
11 0.0662262 1.46119 0.0581369
12 0.115508 1.77665 -0.0527415
13 0.00639082 2.17858 0.0505844
14 0.0187145 2.45766 -0.0165027
15 -0.021351 3.06006 0.0114002
16 0.0114343 3.68325 0.0167773
17 0.0944134 4.39509 -0.0281214
18 0.11476 4.77045 0.0282304
19 -0.473649 4.4162 0.267699
20 0 0 0
1062000 20
1 0 0 0
2 -2.3847 0.730485 0.830943
3 -0.102801 0.0700071 0.0802992
4 0.0103945 0.258203 0.0193365
5 -0.0504992 0.278187 0.00059924
6 -0.0974149 0.49658 0.0202785
7 -0.0361178 0.847295 -0.103037
8 0.073697 0.8549 -0.00436065
9 0.0939776 0.891795 0.114936
10 -0.0183933 1.25033 -0.117311
11 0.00285804 1.46788 -0.0469579
12 -0.0288413 1.73576 -0.0365704
13 0.0377447 2.23275 0.0102429
14 0.0709493 2.52271 -0.0628814
15 -0.0440043 2.95112 -0.0673157
16 0.0411835 3.72514 0.111224
17 0.0735137 4.3295 -0.0361318
18 0.141888 4.91093 -0.0593016
19 1.10215 4.03359 1.31566
20 0 0 0
1063000 20
1 0 0 0
2 -0.198675 0.146344 0.946944
3 0.0472516 -0.0304797 0.0567432
4 -0.0781624 0.266259 0.10317
5 0.0711871 0.304684 -0.0113391
6 -0.054923 0.489967 -0.0478136
7 -0.0857377 0.877547 -0.0237869
8 0.130647 0.820109 0.0616339
9 0.0469255 0.95207 0.0725547
10 0.0161807 1.17702 -0.028211
11 0.0630547 1.46411 -0.107333
12 -0.110696 1.77562 0.0806353
13 0.106449 2.15046 0.0423894
14 0.00851827 2.60764 -0.048565
15 0.0510324 2.93388 -0.00468438
16 -0.0682373 3.74193 -0.105747
17 -0.0271797 4.30829 -0.0359144
18 0.0210961 4.89513 0.0385889
19 0.560183 3.94547 0.556217
20 0 0 0
1064000 20
1 0 0 0
2 0.07403 0.0267751 -0.174175
3 -0.0270937 -0.0553503 -0.0258497
4 -0.0980474 0.244473 0.00874492
5 -0.0168955 0.319918 0.0466546
6 -0.0195389 0.512434 0.0133196
7 -0.060942 0.853891 0.0341852
8 0.032368 0.816312 0.0175452
9 -0.0692307 0.958038 0.0124902
10 -0.0278755 1.10374 -0.0859127
11 0.150428 1.54002 -0.0059303
12 -0.0218115 1.72065 0.0923739
13 0.0235479 2.18608 0.0818606
14 -0.00360233 2.58749 -0.0301389
15 -0.00809595 2.95651 -0.0730616
16 -0.0730074 3.69272 -0.0134654
17 -0.125582 4.41073 -0.0781489
18 -0.0448097 4.65663 0.0824824
19 -1.16146 4.10044 0.405281
20 0 0 0
1065000 20
1 0 0 0
2 0.105127 -0.0761622 0.944568
3 0.0227737 -0.0976592 0.0325666
4 0.0221994 0.288467 -0.0860373
5 -0.0192586 0.32626 -0.0676578
6 0.066236 0.46159 0.0368929
7 -0.0346502 0.894987 0.0121768
8 -0.0943222 0.776043 0.138677
9 0.00840803 0.943483 -0.121563
10 -0.00298423 1.14183 0.0592389
11 0.104532 1.55861 -0.0191442
12 0.131369 1.74557 0.0232166
13 -0.0295946 2.14773 0.0995547
14 -0.0132602 2.53866 -0.0460541
15 -0.0288461 3.02521 -0.0279418
16 0.0146598 3.66302 -0.019859
17 -0.0518166 4.44923 -0.0413043
18 -0.0805256 4.58488 0.202064
19 -0.482923 4.79853 -0.66782
20 0 0 0
1066000 20
1 0 0 0
2 -0.167007 -0.122605 0.857451
3 0.0340194 -0.0672918 -0.0249029
4 0.0849922 0.274981 -0.18293
5 0.120005 0.292448 -0.111481
6 -0.0116266 0.498668 -0.0631966
7 -0.056126 0.87431 0.0144077
8 -0.0804479 0.775729 0.0281367
9 0.0322162 0.978449 -0.126819
10 -0.0429294 1.18932 -0.0073574
11 -0.0560243 1.51762 -0.0917778
12 0.0541582 1.75127 0.022562
13 -0.0817901 2.15399 -0.0279607
14 0.0710925 2.48648 -0.003825
15 -0.0850621 3.08036 -0.112085
16 0.0327983 3.70639 0.121108
17 0.0153139 4.44977 -0.124367
18 -0.0483476 4.60261 0.103921
19 0.488783 5.53206 0.551917
20 0 0 0
1067000 20
1 0 0 0
2 -0.521928 -0.16339 -0.236091
3 0.0563305 0.0366806 -0.0921364
4 0.122628 0.216856 -0.00845512
5 0.04271 0.319803 -0.0283303
6 0.0233502 0.539831 0.0922806
7 -0.165245 0.803243 0.00288456
8 -0.0365928 0.789417 0.114636
9 0.102258 1.01583 -0.0630454
10 -0.00546673 1.14628 -0.075486
11 -0.0045601 1.51042 -0.139086
12 -0.0155428 1.74278 0.0429681
13 -0.010935 2.2167 -0.0912934
14 -0.015388 2.4575 -0.0114864
15 -0.0615413 3.0758 -0.0504493
16 -0.0257773 3.81571 0.112376
17 0.0402681 4.37926 -0.112371
18 0.0410354 4.70431 -0.0275545
19 0.587266 5.70131 0.381765
20 0 0 0
1068000 20
1 0 0 0
2 -0.130265 -0.199457 -1.52823
3 0.0325183 0.118888 -0.0758583
4 0.000934298 0.21634 0.00652588
5 -0.00225603 0.259843 0.0575292
6 0.0916663 0.542137 0.0783155
7 -0.117919 0.797096 -0.0469757
8 0.029187 0.790474 -0.0193233
9 0.0895548 0.99768 -0.0590042
10 0.0503201 1.20038 -0.0957636
11 0.0744138 1.48692 -0.0997248
12 -0.0847418 1.72554 0.0556395
13 -0.0125223 2.29592 -0.0555639
14 -0.00219066 2.43456 0.0144035
15 0.0968189 3.09385 -0.0350538
16 -0.0961212 3.81067 0.0668482
17 -0.00865064 4.32341 0.101739
18 0.0422005 4.71149 -0.0714843
19 0.529588 5.56333 -0.458911
20 0 0 0
1069000 20
1 0 0 0
2 -0.46565 -0.284039 -0.268726
3 0.0257023 0.0470863 0.0865835
4 -0.0509704 0.259298 -0.0065296
5 0.0786891 0.274569 -0.000744218
6 0.0523736 0.53753 0.0763563
7 -0.0364151 0.79913 -0.00645023
8 0.0828883 0.756102 0.0205246
9 0.0604356 1.01709 0.0166823
10 -0.0183776 1.24497 -0.0469257
11 0.0793056 1.47969 -0.100684
12 -0.0618129 1.72154 0.0677295
13 -0.0437088 2.27439 -0.0488344
14 -0.0285805 2.43596 0.0057868
15 -0.0974984 3.10449 0.10282
16 -0.00804122 3.7549 0.0915864
17 0.0970062 4.33732 0.0179793
18 0.169319 4.65437 -0.113913
19 -0.506722 4.85873 0.143338
20 0 0 0
1070000 20
1 0 0 0
2 -0.220817 -0.384238 1.04958
3 0.0474499 0.0608423 -0.0828
4 0.0577354 0.215268 -0.00168606
5 0.00289595 0.332275 -0.0663863
6 -0.0406049 0.498003 -0.0241844
7 0.0587956 0.841732 0.100274
8 0.0169591 0.734843 0.0429125
9 0.0433693 1.02116 0.0401682
10 0.00987785 1.2779 -0.00654503
11 -0.0928176 1.43995 0.0241861
12 -0.0152448 1.75111 0.00194269
13 0.0708983 2.23484 0.00665739
14 -0.135186 2.46157 0.091775
15 -0.0529327 3.12674 0.012968
16 0.00157444 3.72391 0.0116694
17 0.0500869 4.2822 -0.00741442
18 0.0871372 4.64851 0.0551648
19 -0.454893 4.08748 0.285865
20 0 0 0
1071000 20
1 0 0 0
2 -0.304012 -0.424948 0.144025
3 0.0933677 0.0561031 -0.0989773
4 0.0404746 0.197971 0.0201659
5 0.129436 0.391965 -0.0530177
6 0.0126136 0.430704 0.0496331
7 -0.0751145 0.913556 0.0092695
8 0.0177411 0.679931 0.00116243
9 0.0618682 1.04666 -0.00802498
10 -0.0701735 1.27763 -0.0484138
11 -0.0869121 1.49005 0.0417151
12 0.0120097 1.73394 -0.00515148
13 0.123713 2.21394 0.082465
14 -0.121829 2.4726 0.050459
15 -0.0849631 3.09594 0.0621903
16 0.0128301 3.74222 0.0666589
17 -0.0119654 4.29825 -0.0215728
18 0.152912 4.6314 0.107619
19 0.223106 3.78786 -1.21571
20 0 0 0
1072000 20
1 0 0 0
2 0.536468 -0.440254 0.263157
3 0.0827109 -0.185392 0.0463899
4 -0.0491575 0.224261 0.0493827
5 0.100122 0.413021 0.0393451
6 -0.0146356 0.464849 0.0321218
7 0.0364612 0.885801 0.0410335
8 0.0583308 0.665296 -0.00548167
9 -0.0827627 1.03209 -0.0208013
10 0.0111274 1.28124 0.1106
11 -0.0825849 1.55787 -0.020963
12 0.0109401 1.64585 -0.0853805
13 -0.0794023 2.233 -0.0140978
14 0.0190427 2.44484 0.0386226
15 -0.0393627 3.14117 -0.0211456
16 0.00419402 3.75963 0.0021294
17 -0.107713 4.31034 -0.15038
18 0.121799 4.62618 0.103267
19 -0.121417 4.02114 -0.308357
20 0 0 0
1073000 20
1 0 0 0
2 -0.739259 -0.429173 -0.73063
3 0.0513761 -0.196434 0.0768284
4 -0.0372999 0.213937 -0.0309061
5 0.163018 0.383966 0.0953593
6 -0.0979414 0.493432 -0.0477555
7 0.122614 0.885241 0.104727
8 0.00218648 0.634988 0.0305238
9 -0.054168 1.03747 -0.00732805
10 0.113627 1.28047 0.0788172
11 -0.107032 1.58091 -0.0686356
12 -0.0218741 1.66454 -0.0218035
13 -0.109071 2.17895 0.0142788
14 0.0184095 2.4823 -0.00943389
15 0.040978 3.13215 0.0552195
16 0.00670886 3.7394 -0.0380711
17 0.018378 4.30877 -0.0913135
18 0.113247 4.67005 0.00528088
19 0.519353 4.52895 0.971112
20 0 0 0
1074000 20
1 0 0 0
2 -0.756816 -0.303291 -1.02904
3 0.0590284 -0.0275634 -0.0789694
4 0.0370907 0.191087 0.0597638
5 0.0719729 0.32909 0.0571572
6 0.045444 0.560974 -0.0904574
7 0.0805837 0.821041 0.0931868
8 0.00562815 0.673277 0.0163701
9 0.0228581 1.04861 -0.0352437
10 0.0975233 1.28866 -0.0666006
11 -0.0189712 1.60572 0.0337106
12 -0.134724 1.61602 -0.0920596
13 0.0093107 2.16161 -0.0434247
14 -0.0117127 2.54981 0.0624671
15 -0.0448493 3.06085 0.0610939
16 0.00619877 3.81284 -0.0184061
17 0.0227411 4.26385 -0.0296719
18 -0.102069 4.64829 -0.00521115
19 0.0797551 4.82999 -0.00702255
20 0 0 0
1075000 20
1 0 0 0
2 0.643247 0.0985753 0.245708
3 0.101913 0.100821 -0.00217597
4 0.078542 0.163632 0.0902062
5 -0.0400913 0.305693 0.162967
6 -0.0701346 0.608543 0.0163203
7 -0.00621403 0.76103 0.0825395
8 0.00594984 0.712236 0.017721
9 0.0289246 1.08055 -0.0328533
10 -0.00163524 1.27271 0.0251728
11 0.0492505 1.60359 -0.049719
12 -0.00725979 1.63305 -0.0408677
13 0.0621159 2.18382 -0.0853388
14 0.0824852 2.53879 0.0493333
15 -0.0436944 3.05121 0.0780033
16 -0.0325411 3.86269 -0.0590176
17 0.0709639 4.20786 -0.0654775
18 0.118734 4.61234 -0.116393
19 -1.46334 5.15218 -1.00293
20 0 0 0
1076000 20
1 0 0 0
2 0.175915 0.40137 -0.3381
3 -0.077478 0.166714 -0.015826
4 0.0391578 0.137523 0.0878507
5 -0.0503118 0.331388 0.152425
6 -0.0270334 0.598758 0.11694
7 0.0550438 0.786844 0.246116
8 -0.0358127 0.705722 0.0453925
9 0.00222689 1.0275 0.0126037
10 -0.0458486 1.38644 0.0487059
11 -0.00969749 1.54707 -0.139767
12 0.0544858 1.63462 0.00555533
13 0.162508 2.14633 -0.0918246
14 -0.00159138 2.55008 0.0955814
15 -0.0290023 3.06058 -0.0672358
16 -0.118034 3.84238 -0.130662
17 0.0225248 4.26076 -0.106934
18 0.126243 4.54622 0.0188067
19 0.616163 5.01444 -0.408422
20 0 0 0
1077000 20
1 0 0 0
2 0.422208 0.612175 0.0857576
3 -0.0249113 0.144409 -0.129123
4 0.0112597 0.141228 0.0337807
5 0.0918889 0.331685 0.0845081
6 0.0950335 0.591175 0.13237
7 0.0978975 0.791172 0.181555
8 -0.0864519 0.669669 0.0159837
9 0.0848795 1.06081 -0.0351919
10 -0.0902885 1.36404 0.0664072
11 0.0074311 1.55472 -0.0122386
12 0.0270821 1.64488 -0.0255765
13 0.114114 2.11314 -0.000439045
14 -0.0526497 2.57756 0.149802
15 0.0916033 3.07363 -0.0329133
16 -0.0762498 3.85739 -0.0168061
17 0.031989 4.20248 -0.0708693
18 0.0159031 4.57507 0.125928
19 0.425582 5.18501 0.612449
20 0 0 0
1078000 20
1 0 0 0
2 1.99278 0.648834 1.59091
3 0.0179552 -0.0361135 0.12137
4 0.00849731 0.164324 -0.119154
5 -0.0537269 0.335595 0.0350006
6 0.0837959 0.553016 0.110058
7 -0.0130883 0.812119 0.112442
8 -0.0120875 0.659663 0.0432815
9 0.0146569 1.12009 0.00576822
10 0.00943877 1.28481 0.107178
11 0.0695337 1.56003 -0.100963
12 -0.0670408 1.68335 0.0345186
13 -0.0447912 2.09105 -0.0679496
14 0.11958 2.5775 0.118452
15 0.155421 3.01595 -0.0757007
16 -0.179027 3.89206 0.0453537
17 -0.16114 4.21869 0.0173951
18 -0.0428065 4.5994 0.12883
19 -1.19837 4.74034 1.2151
20 0 0 0
1079000 20
1 0 0 0
2 1.6508 0.51818 1.56206
3 -0.027831 -0.119994 0.0839631
4 -0.0168451 0.123873 -0.0741598
5 -0.0105412 0.3708 -0.118217
6 -0.0396047 0.534666 0.137477
7 -0.00788181 0.771415 0.0779892
8 -0.0314661 0.721994 0.0916776
9 -0.0809703 1.08556 -0.128783
10 0.100362 1.27269 -0.00021742
11 -0.0119221 1.57064 -0.180462
12 -0.109084 1.70214 0.0635812
13 -0.103153 2.14077 -0.0441251
14 0.142384 2.5108 0.104755
15 0.162852 3.01917 -0.0531304
16 -0.0217027 3.85005 0.0809495
17 -0.0011774 4.29157 0.0247746
18 -0.131811 4.60379 -0.0883702
19 0.280574 3.78689 -0.970226
20 0 0 0
1080000 20
1 0 0 0
2 -0.306477 -0.232091 0.222411
3 -0.0172205 -0.269034 0.218117
4 0.0741067 0.126227 -0.0294826
5 0.0113857 0.376267 -0.0336352
6 -0.0255226 0.540844 0.0748825
7 -0.00589398 0.806777 0.12232
8 -0.168684 0.671303 0.0845247
9 -0.00857011 1.03422 -0.102701
10 -0.0128393 1.36744 -0.124727
11 0.00330445 1.50615 -0.0919054
12 -0.0695831 1.76417 0.105285
13 -0.000355486 2.08524 0.00728616
14 0.0594397 2.52512 -0.00211128
15 0.123171 3.01673 -0.0711868
16 0.0467803 3.85164 0.041866
17 0.03376 4.24843 -0.0107616
18 -0.126561 4.65246 -0.0306845
19 1.66866 3.79672 -0.567594
20 0 0 0
1081000 20
1 0 0 0
2 -1.86764 -0.769274 1.10475
3 -0.0897301 -0.261548 0.0383027
4 -0.0566111 0.129673 -0.0575381
5 -0.0132069 0.373496 -0.0417175
6 0.0997174 0.578357 0.0611061
7 -0.0832807 0.757273 0.00368275
8 -0.00871567 0.694839 -0.00310285
9 -0.0377564 1.05828 -0.0322791
10 0.0489578 1.37728 -0.0585751
11 -0.0756949 1.49036 -0.0226025
12 -0.0176055 1.76747 -0.0662595
13 -0.000284934 2.12413 -0.000663757
14 0.0269459 2.48753 0.0370272
15 0.0191149 3.04567 -0.025386
16 0.146076 3.83379 0.0119257
17 -0.0976577 4.24318 -0.00657076
18 -0.0806217 4.65049 -0.0602933
19 0.999982 4.12627 -0.682969
20 0 0 0
1082000 20
1 0 0 0
2 -1.24738 -0.81542 -1.43087
3 -0.131355 -0.109215 -0.176377
4 -0.0550386 0.0591626 0.0047525
5 -0.0777071 0.440351 -0.137903
6 0.0928037 0.569964 0.0780957
7 0.0348236 0.764397 -0.0399499
8 -0.0938437 0.729155 -0.131315
9 0.0263146 1.0121 -0.0665203
10 -0.0137727 1.38675 0.0499421
11 -0.0485395 1.51329 -0.0400277
12 0.0319568 1.7168 -0.107962
13 0.0642593 2.16273 -0.100875
14 -0.126143 2.49573 0.0401517
15 -0.0542144 3.03773 -0.0324263
16 0.0187736 3.83652 -0.139881
17 -0.0395893 4.20154 -0.0547604
18 0.0713235 4.69913 0.00213574
19 -0.494045 4.54195 -0.87168
20 0 0 0
1083000 20
1 0 0 0
2 -1.44473 -0.741203 -1.74312
3 -0.137401 0.0378921 -0.178147
4 0.0544508 0.0218257 -0.0384755
5 -0.0231992 0.484555 -0.0925034
6 0.0626002 0.553041 0.079546
7 0.0291581 0.755834 -0.01463
8 -0.0680208 0.767216 -0.0127243
9 -0.0882503 0.991882 0.0195224
10 -0.0424682 1.30893 0.14242
11 0.0211566 1.58529 -0.0475534
12 0.0223509 1.68807 -0.0644154
13 0.08873 2.15637 -0.0012058
14 -0.0414144 2.4662 -0.0253179
15 0.0335644 3.09145 -0.107542
16 -0.0400782 3.83273 -0.197291
17 0.123679 4.19674 -0.0785749
18 0.0221469 4.68345 0.0808231
19 -0.0630871 4.97939 0.611577
20 0 0 0
1084000 20
1 0 0 0
2 -0.600598 -0.173723 -1.69107
3 -0.0868485 0.190129 0.0344848
4 -0.0212476 -0.0226297 -0.00511386
5 -0.0116774 0.478847 -0.0282983
6 0.0253106 0.530637 0.0431321
7 0.0293056 0.757981 0.0209791
8 -0.0893991 0.75054 0.0995514
9 0.0112107 1.01564 -0.0197957
10 -0.0364993 1.31925 0.057798
11 -0.0250223 1.57866 -0.00619184
12 0.000161283 1.72702 0.0129146
13 -0.0194563 2.1435 0.0527933
14 -0.00772873 2.43969 -0.053812
15 0.104338 3.10236 -0.120317
16 -0.00487793 3.84269 -0.173362
17 0.133159 4.20146 -0.0617252
18 -0.0208406 4.66136 -0.123534
19 -1.7667 5.47458 0.648625
20 0 0 0
1085000 20
1 0 0 0
2 0.972626 0.944103 0.23822
3 0.0858894 0.167405 0.0468066
4 -0.0399119 0.00721872 0.0545079
5 -0.0648608 0.433734 0.0202766
6 0.0232286 0.572669 -0.0195141
7 0.00960697 0.768382 0.00821303
8 -0.0324201 0.69548 0.0454675
9 0.00772429 1.09506 0.152985
10 0.0025542 1.30431 0.0536004
11 -0.0411053 1.56531 -0.000702483
12 -0.105637 1.74579 -0.0279452
13 0.0257345 2.1034 0.0373207
14 -0.0170691 2.46069 -0.00454498
15 0.0596633 3.08398 -0.0947091
16 0.0678029 3.84101 -0.131187
17 0.125539 4.24598 -0.137879
18 -0.111731 4.6286 -0.130851
19 0.0885472 5.50874 0.649526
20 0 0 0
1086000 20
1 0 0 0
2 0.621541 1.33354 -0.263524
3 0.0817012 0.110711 0.098256
4 -0.0495711 0.0131603 -0.0171503
5 -0.06653 0.432776 -0.105761
6 -0.0020756 0.638385 0.0352714
7 -0.0793927 0.740644 -0.0710758
8 0.0739454 0.68667 0.0772095
9 0.0611206 1.11085 -0.0164749
10 0.00172742 1.29428 0.0291257
11 -0.00948513 1.60232 -0.0278438
12 -0.0068687 1.6979 0.0220795
13 -0.0304733 2.10636 -0.00423759
14 0.0524435 2.49261 -0.0127949
15 -0.0094798 3.02116 -0.219175
16 0.123365 3.8177 -0.233611
17 -0.0312625 4.31578 -0.121499
18 0.00529504 4.52792 0.0207153
19 0.412097 5.62843 1.05098
20 0 0 0
1087000 20
1 0 0 0
2 -0.190715 0.863313 0.0123702
3 -0.0546602 0.0110825 -0.0263202
4 0.010778 0.0388368 0.0150766
5 0.053712 0.425573 -0.0704601
6 -0.0254876 0.674425 0.02946
7 0.00751528 0.725538 -0.0790296
8 0.106288 0.643299 0.0640191
9 0.00625783 1.14659 0.0509849
10 -0.0848368 1.29924 -0.0741554
11 -0.0430353 1.62166 -0.0211474
12 0.0255652 1.64108 -0.00966363
13 -0.0356203 2.14134 0.0453533
14 -0.0913612 2.45728 -0.00925411
15 -0.0532982 3.048 -0.00495999
16 0.0586737 3.80317 -0.117621
17 -0.1373 4.36453 0.0156075
18 0.0090621 4.48017 -0.0502
19 -0.0279528 4.76387 0.120727
20 0 0 0
1088000 20
1 0 0 0
2 -0.561576 -0.115616 0.402796
3 -0.0630907 -0.0907128 -0.000833065
4 -0.0539242 0.0510584 -0.0991697
5 0.0436109 0.435461 0.0209348
6 -0.0646534 0.666456 -0.0256947
7 -0.0531516 0.732313 0.0267278
8 -0.0556498 0.673415 -0.121769
9 -0.0847047 1.138 0.0831212
10 -0.0274501 1.32026 0.0469448
11 -0.0847252 1.55165 -0.118128
12 0.0821822 1.69049 0.0348961
13 0.0234255 2.10674 -0.00783334
14 0.0620872 2.47787 -0.0423778
15 -0.0641913 3.0303 0.0987785
16 0.148969 3.8714 -0.0660926
17 -0.0542289 4.34088 0.00602206
18 -0.108999 4.50462 -0.0750679
19 0.676262 4.10492 -0.0347537
20 0 0 0
1089000 20
1 0 0 0
2 -0.570898 -0.721188 0.653597
3 0.218064 -0.142722 -0.0721327
4 0.00883235 0.00587222 -0.0933814
5 0.0117671 0.415991 -0.0712006
6 -0.0513565 0.696003 0.0669747
7 -0.0682204 0.745975 0.00102444
8 -0.0310576 0.701079 -0.019843
9 -0.154099 1.1231 0.102661
10 0.0296417 1.34633 -0.030911
11 0.0605985 1.52628 0.0459941
12 0.0753793 1.67996 0.0539142
13 0.040115 2.13967 -0.0950385
14 0.0208529 2.51203 -0.07752
15 0.0915496 2.93401 -0.0604063
16 -0.0292991 3.88552 -0.0345777
17 -0.0783103 4.31305 -0.0847842
18 0.0124955 4.5815 0.0312697
19 -0.312852 3.65333 -0.910961
20 0 0 0
1090000 20
1 0 0 0
2 -0.156467 -1.0353 -0.38036
3 0.049202 -0.128979 -0.0912433
4 0.123042 -0.0245796 -0.0929869
5 -0.184861 0.443744 -0.0758359
6 -0.0528838 0.708251 0.052533
7 0.0198209 0.70546 -0.019232
8 -0.00675414 0.778435 -0.0873039
9 -0.0393681 1.09913 0.00128929
10 -0.039504 1.33193 0.00706434
11 0.0179253 1.50881 0.0851251
12 0.0107358 1.71801 0.116167
13 0.0332684 2.11319 -0.087704
14 0.03594 2.56146 -0.0894301
15 0.0779762 2.90827 -0.230327
16 -0.128365 3.78635 -0.035917
17 -0.027369 4.36751 -0.0587809
18 -0.0369029 4.56122 0.168398
19 -0.348295 4.10996 0.102891
20 0 0 0
1091000 20
1 0 0 0
2 -0.454388 -0.689945 0.0430427
3 -0.167682 -0.00509795 -0.012481
4 0.123987 -0.0110141 -0.00721598
5 -0.0994139 0.498042 -0.11647
6 -0.100226 0.626576 -0.0207667
7 0.045381 0.730794 0.0278766
8 0.152952 0.728132 -0.0348927
9 -0.135272 1.17849 -0.118982
10 0.111723 1.26397 0.0543394
11 -0.0200915 1.55426 0.0187425
12 -0.0497786 1.70142 0.0333394
13 0.00744097 2.14641 0.0208551
14 0.0074772 2.53954 -0.0505722
15 0.0904003 2.99048 -0.163817
16 -0.0976733 3.68123 0.000778708
17 0.0136294 4.37348 0.0624813
18 -0.0995252 4.60014 0.142902
19 -0.298278 4.38803 0.417415
20 0 0 0
1092000 20
1 0 0 0
2 0.637222 0.408227 -0.903447
3 -0.0725419 0.079831 -0.0190424
4 -0.00294236 0.0381863 0.0176824
5 0.0300522 0.491093 0.025792
6 -0.108642 0.546759 -0.042375
7 -0.0126586 0.775142 0.0347828
8 0.0981843 0.683573 -0.053343
9 0.0729438 1.22125 -0.021979
10 0.049157 1.22257 -0.0463934
11 0.0732243 1.62612 0.0764537
12 0.127597 1.61307 0.033213
13 -0.0716823 2.20211 -0.00316863
14 -0.0765395 2.53772 -0.0315576
15 0.148147 3.00372 -0.204451
16 -0.0307539 3.64034 0.0558154
17 0.0645125 4.33269 0.095047
18 0.0314203 4.62517 0.0570128
19 0.0496816 4.99461 1.03727
20 0 0 0
1093000 20
1 0 0 0
2 0.572593 0.963551 -0.427491
3 0.0403552 0.0186165 -0.00332895
4 0.0653765 0.0557057 0.112912
5 -0.0321396 0.524239 -0.0208617
6 0.0366291 0.549746 0.0182537
7 -0.00502349 0.714725 -0.0236542
8 -0.0652343 0.72401 -0.0887486
9 0.0563122 1.20047 0.0318363
10 0.0972986 1.19401 0.0903642
11 0.0216581 1.64072 0.0552519
12 0.0115275 1.62851 0.0514408
13 0.0514514 2.19463 -0.112692
14 -0.0402839 2.5264 0.0399632
15 0.0597522 3.0263 -0.1143
16 0.0246443 3.63479 0.128006
17 0.0684385 4.28229 -0.041722
18 0.0856472 4.70556 0.0815119
19 1.29387 5.5443 0.445082
20 0 0 0
1094000 20
1 0 0 0
2 0.0268137 0.715193 1.47707
3 0.0949594 -0.00658478 0.118177
4 0.00987024 0.105758 0.0989789
5 0.0859008 0.496061 -0.00204541
6 0.123205 0.613512 0.0343783
7 0.00113443 0.695344 0.057423
8 -0.0160172 0.719025 -0.183263
9 0.0102443 1.12842 -0.0195218
10 0.0491351 1.21756 0.0804433
11 0.0859999 1.63816 0.023924
12 -0.0858582 1.69241 -0.0518084
13 -0.0686743 2.20823 -0.00490527
14 0.0359327 2.46851 -0.0967353
15 -0.0249652 3.02201 -0.0255966
16 0.0820179 3.626 0.047222
17 0.0891132 4.33314 -0.0640215
18 0.0329803 4.67627 0.0585039
19 1.47906 5.67639 -0.311799
20 0 0 0
1095000 20
1 0 0 0
2 -0.195886 0.392457 2.20189
3 -0.150319 -0.115115 -0.0916832
4 0.102913 0.108173 -0.036586
5 0.0606454 0.521517 -0.0253333
6 0.0319705 0.617586 0.0559581
7 -0.0917512 0.661839 0.0102433
8 0.0688297 0.780068 -0.127944
9 -0.0530569 1.05094 -0.153339
10 -0.0921521 1.27948 0.0544854
11 0.0779981 1.65994 0.00321238
12 0.0138488 1.64238 0.0301457
13 -0.0897776 2.23383 -0.00333897
14 -0.0459296 2.47932 -0.017693
15 -0.0718661 3.00837 -0.0259225
16 0.120717 3.62421 -0.0732639
17 0.0201311 4.44428 -0.0461179
18 -0.0454103 4.60575 -0.0214769
19 -0.629047 5.29285 0.612217
20 0 0 0
1096000 20
1 0 0 0
2 0.76824 0.0533888 1.65154
3 -0.177416 -0.128195 -0.143977
4 0.128673 0.103723 -0.00606158
5 -0.0565622 0.544738 0.0691112
6 -0.0211216 0.623488 0.0429972
7 -0.0208631 0.635517 0.00878969
8 0.0830505 0.823387 -0.149422
9 -0.0321596 1.02401 -0.0212538
10 -0.0152045 1.29411 -0.0248703
11 0.038326 1.66613 -0.0249123
12 0.00213547 1.63334 0.0490137
13 -0.0193828 2.22502 0.094959
14 -0.0971078 2.52929 0.0824522
15 0.0364571 2.96601 -0.0913434
16 -0.0180045 3.56534 0.0287332
17 0.0716866 4.48502 -0.0709207
18 -0.00352759 4.71463 0.0479245
19 -1.3472 3.47609 -0.110368
20 0 0 0
1097000 20
1 0 0 0
2 1.05825 -0.315255 -0.589806
3 -0.075131 0.0174759 -0.0655981
4 -0.0340961 0.104405 0.0749048
5 0.0663752 0.508254 0.0150816
6 -0.16951 0.653893 0.0758672
7 0.068209 0.614004 0.0677903
8 -0.038856 0.839343 -0.0508809
9 -0.0685941 1.02676 0.0801893
10 0.0516628 1.34384 -0.101058
11 -0.0294208 1.56789 0.0306278
12 0.0366766 1.72924 -0.0610346
13 -0.0551718 2.18339 0.0408124
14 -0.0862431 2.51965 0.148561
15 -0.00786767 2.95895 -0.0675279
16 0.141338 3.62264 0.132299
17 -0.124466 4.51148 -0.117802
18 0.00785808 4.72961 -0.0670362
19 -0.280948 3.27691 -0.23278
20 0 0 0
1098000 20
1 0 0 0
2 0.878871 -0.492659 0.181072
3 0.0690046 0.140776 -0.158185
4 -0.0376304 0.0977805 -0.022226
5 0.0645955 0.475417 0.0166123
6 -0.158384 0.613431 0.0141127
7 -0.0344554 0.663427 0.0524789
8 -0.104538 0.83943 0.0291775
9 0.051934 1.02541 0.0557671
10 -0.00374872 1.35845 -0.111078
11 0.0819153 1.52666 0.00981995
12 0.0261684 1.77262 -0.0282401
13 0.0204902 2.11657 -0.0757164
14 0.0479317 2.58993 0.108419
15 -0.0965164 2.90038 -0.0437051
16 0.0872165 3.74022 0.0130303
17 -0.0872044 4.48732 0.0315402
18 -0.0683535 4.67105 -0.0430098
19 0.478113 5.02295 -0.00107924
20 0 0 0
1099000 20
1 0 0 0
2 0.848521 -0.623117 1.27564
3 -0.0413835 0.117546 -0.0586525
4 0.0312463 0.0672541 0.0737889
5 0.0232345 0.555404 0.000525124
6 -0.10906 0.566589 -0.0631218
7 0.0179061 0.65884 0.0352998
8 0.0146937 0.826507 -0.0782625
9 -0.000746467 1.05372 0.0185152
10 -0.00309364 1.31412 -0.120575
11 0.16786 1.56371 0.0290591
12 -0.0146883 1.7908 -0.0140901
13 0.0293816 2.09673 -0.0937866
14 0.140116 2.60136 0.105409
15 -0.0609046 2.87168 -0.14357
16 0.00835857 3.76381 0.164828
17 0.0354172 4.42701 0.020268
18 0.00849739 4.74242 -0.035822
19 0.338388 4.3919 0.251819
20 0 0 0
1100000 20
1 0 0 0
2 -0.564546 -0.60913 -0.880651
3 0.0197473 0.0803793 0.020878
4 -0.0583483 0.106591 0.0776228
5 -0.114545 0.552842 0.0361109
6 0.000147697 0.580015 -0.0101215
7 0.0374467 0.634489 -0.0483125
8 0.104596 0.844861 -0.133777
9 -0.0539242 1.09487 0.0801343
10 -0.0334917 1.28537 0.00646012
11 0.09712 1.52787 -0.0157136
12 -0.143929 1.8052 -0.119546
13 -0.0598902 2.13481 0.0820006
14 0.13568 2.59895 0.0151586
15 0.0695165 2.84409 -0.0909299
16 0.0382934 3.74004 0.0243224
17 0.0443307 4.43423 0.0742606
18 0.0100699 4.77744 -0.128692
19 -0.316366 4.60291 -0.189185
20 0 0 0
