# Full attribute export
# Format: index  x  y  z  attr1  attr2 ...

1  -12.815981569247795 -1.7763568394002505e-15 -9.231949969121782 C
2  -14.045737642621697 -1.7763568394002505e-15 -9.941949969121781 C
3  -14.045737642621697 -1.7763568394002505e-15 -11.361949969121781 C
4  -12.815981569247795 -3.552713678800501e-15 -12.071949969121782 C
5  -11.586225495873892 -1.7763568394002505e-15 -11.361949969121781 C
6  -11.586225495873892 -1.7763568394002505e-15 -9.941949969121783 C
7  -10.355981569247795 -1.7763568394002505e-15 -9.231949969121782 C
8  -10.355981569247795 -3.552713678800501e-15 -12.071949969121782 C
9  -9.126225495873893 -1.7763568394002505e-15 -11.361949969121781 C
10  -9.126225495873891 -1.7763568394002505e-15 -9.941949969121783 C
11  -7.895981569247795 -1.7763568394002505e-15 -9.231949969121782 C
12  -7.8959815692477955 -3.552713678800501e-15 -12.071949969121782 C
13  -6.666225495873892 -1.7763568394002505e-15 -11.361949969121781 C
14  -6.666225495873892 -1.7763568394002505e-15 -9.941949969121783 C
15  -5.435981569247795 -1.7763568394002505e-15 -9.231949969121782 C
16  -5.4359815692477955 -3.552713678800501e-15 -12.071949969121782 C
17  -4.206225495873893 -1.7763568394002505e-15 -11.361949969121781 C
18  -4.206225495873893 -1.7763568394002505e-15 -9.941949969121783 C
19  -2.9759815692477947 -1.7763568394002505e-15 -9.231949969121782 C
20  -2.9759815692477947 -3.552713678800501e-15 -12.071949969121782 C
21  -1.746225495873892 -1.7763568394002505e-15 -11.361949969121781 C
22  -1.746225495873892 -1.7763568394002505e-15 -9.941949969121783 C
23  -0.5159815692477938 -1.7763568394002505e-15 -9.231949969121782 C
24  -0.5159815692477938 -3.552713678800501e-15 -12.071949969121782 C
25  0.7137745041261088 -1.7763568394002505e-15 -11.361949969121781 C
26  0.7137745041261088 -1.7763568394002505e-15 -9.941949969121783 C
27  1.944018430752207 -1.7763568394002505e-15 -9.231949969121782 C
28  1.944018430752207 -3.552713678800501e-15 -12.071949969121782 C
29  3.1737745041261096 -1.7763568394002505e-15 -11.361949969121781 C
30  3.1737745041261096 -1.7763568394002505e-15 -9.941949969121783 C
31  4.404018430752208 -1.7763568394002505e-15 -9.231949969121782 C
32  4.404018430752208 -3.552713678800501e-15 -12.071949969121782 C
33  5.6337745041261105 -1.7763568394002505e-15 -11.361949969121781 C
34  5.6337745041261105 -1.7763568394002505e-15 -9.941949969121783 C
35  6.864018430752209 -1.7763568394002505e-15 -9.231949969121782 C
36  6.864018430752209 -3.552713678800501e-15 -12.071949969121782 C
37  8.093774504126111 -1.7763568394002505e-15 -11.361949969121781 C
38  8.093774504126111 -1.7763568394002505e-15 -9.941949969121783 C
39  9.32401843075221 -1.7763568394002505e-15 -9.231949969121782 C
40  9.32401843075221 -3.552713678800501e-15 -12.071949969121782 C
41  10.553774504126112 -1.7763568394002505e-15 -11.361949969121781 C
42  10.553774504126112 -1.7763568394002505e-15 -9.941949969121783 C
43  11.78401843075221 -1.7763568394002505e-15 -9.231949969121782 C
44  11.78401843075221 -3.552713678800501e-15 -12.071949969121782 C
45  13.013774504126113 -1.7763568394002505e-15 -11.361949969121781 C
46  13.013774504126113 -1.7763568394002505e-15 -9.941949969121783 C
47  -11.585981569247794 -1.7763568394002505e-15 -7.101527475812062 C
48  -12.815737642621697 -1.7763568394002505e-15 -7.811527475812062 C
49  -10.356225495873892 -1.7763568394002505e-15 -7.8115274758120625 C
50  -9.125981569247795 -1.7763568394002505e-15 -7.101527475812062 C
51  -7.8962254958738916 -1.7763568394002505e-15 -7.8115274758120625 C
52  -6.665981569247794 -1.7763568394002505e-15 -7.101527475812062 C
53  -5.436225495873892 -1.7763568394002505e-15 -7.8115274758120625 C
54  -4.205981569247795 -1.7763568394002505e-15 -7.101527475812062 C
55  -2.9762254958738925 -1.7763568394002505e-15 -7.8115274758120625 C
56  -1.7459815692477942 -1.7763568394002505e-15 -7.101527475812062 C
57  -0.5162254958738917 -1.7763568394002505e-15 -7.8115274758120625 C
58  0.7140184307522066 -1.7763568394002505e-15 -7.101527475812062 C
59  1.9437745041261092 -1.7763568394002505e-15 -7.8115274758120625 C
60  3.1740184307522075 -1.7763568394002505e-15 -7.101527475812062 C
61  4.40377450412611 -1.7763568394002505e-15 -7.8115274758120625 C
62  5.634018430752208 -1.7763568394002505e-15 -7.101527475812062 C
63  6.863774504126111 -1.7763568394002505e-15 -7.8115274758120625 C
64  8.09401843075221 -1.7763568394002505e-15 -7.101527475812062 C
65  9.323774504126112 -1.7763568394002505e-15 -7.8115274758120625 C
66  10.55401843075221 -1.7763568394002505e-15 -7.101527475812062 C
67  11.783774504126113 -1.7763568394002505e-15 -7.8115274758120625 C
68  13.01401843075221 -1.7763568394002505e-15 -7.101527475812062 C
69  14.243774504126113 -1.7763568394002505e-15 -9.231527475812063 C
70  14.243774504126113 -1.7763568394002505e-15 -7.8115274758120625 C
71  -12.815981569247793 -1.7763568394002505e-15 -4.971104982502343 C
72  -14.045737642621697 -1.7763568394002505e-15 -5.681104982502343 C
73  -14.045737642621697 -1.7763568394002505e-15 -7.101104982502343 C
74  -11.58622549587389 -1.7763568394002505e-15 -5.681104982502343 C
75  -10.355981569247794 -1.7763568394002505e-15 -4.971104982502343 C
76  -9.126225495873891 -1.7763568394002505e-15 -5.681104982502343 C
77  -7.895981569247794 -1.7763568394002505e-15 -4.971104982502343 C
78  -6.666225495873891 -1.7763568394002505e-15 -5.681104982502343 C
79  -5.435981569247795 -1.7763568394002505e-15 -4.971104982502343 C
80  -4.206225495873893 -1.7763568394002505e-15 -5.681104982502343 C
81  -2.9759815692477947 -1.7763568394002505e-15 -4.971104982502343 C
82  -1.746225495873892 -1.7763568394002505e-15 -5.681104982502343 C
83  -0.5159815692477938 -1.7763568394002505e-15 -4.971104982502343 C
84  0.7137745041261088 -1.7763568394002505e-15 -5.681104982502343 C
85  1.944018430752207 -1.7763568394002505e-15 -4.971104982502343 C
86  3.1737745041261096 -1.7763568394002505e-15 -5.681104982502343 C
87  4.404018430752208 -1.7763568394002505e-15 -4.971104982502343 C
88  5.6337745041261105 -1.7763568394002505e-15 -5.681104982502343 C
89  6.864018430752209 -1.7763568394002505e-15 -4.971104982502343 C
90  8.093774504126111 -1.7763568394002505e-15 -5.681104982502343 C
91  9.32401843075221 -1.7763568394002505e-15 -4.971104982502343 C
92  10.553774504126112 -1.7763568394002505e-15 -5.681104982502343 C
93  11.78401843075221 -1.7763568394002505e-15 -4.971104982502343 C
94  13.013774504126113 -1.7763568394002505e-15 -5.681104982502343 C
95  -11.585981569247794 0.0 -2.8406824891926243 C
96  -12.815737642621697 0.0 -3.5506824891926234 C
97  -10.35622549587389 0.0 -3.5506824891926234 C
98  -9.125981569247793 0.0 -2.8406824891926243 C
99  -7.896225495873891 0.0 -3.5506824891926234 C
100  -6.665981569247793 0.0 -2.8406824891926243 C
101  -5.436225495873891 0.0 -3.5506824891926234 C
102  -4.205981569247795 0.0 -2.8406824891926243 C
103  -2.9762254958738925 0.0 -3.5506824891926234 C
104  -1.7459815692477942 0.0 -2.8406824891926243 C
105  -0.5162254958738917 0.0 -3.5506824891926234 C
106  0.7140184307522066 0.0 -2.8406824891926243 C
107  1.9437745041261092 0.0 -3.5506824891926234 C
108  3.1740184307522075 0.0 -2.8406824891926243 C
109  4.40377450412611 0.0 -3.5506824891926234 C
110  5.634018430752208 0.0 -2.8406824891926243 C
111  6.863774504126111 0.0 -3.5506824891926234 C
112  8.09401843075221 0.0 -2.8406824891926243 C
113  9.323774504126112 0.0 -3.5506824891926234 C
114  10.55401843075221 0.0 -2.8406824891926243 C
115  11.783774504126113 0.0 -3.5506824891926234 C
116  13.01401843075221 0.0 -2.8406824891926243 C
117  14.243774504126113 -1.7763568394002505e-15 -4.970682489192623 C
118  14.243774504126113 0.0 -3.5506824891926234 C
119  -12.815981569247793 0.0 -0.710259995882905 C
120  -14.045737642621695 0.0 -1.420259995882904 C
121  -14.045737642621695 0.0 -2.840259995882904 C
122  -11.58622549587389 0.0 -1.420259995882904 C
123  -10.355981569247792 0.0 -0.710259995882905 C
124  -9.12622549587389 0.0 -1.420259995882904 C
125  -7.895981569247793 0.0 -0.710259995882905 C
126  -6.66622549587389 0.0 -1.420259995882904 C
127  -5.435981569247795 0.0 -0.710259995882905 C
128  -4.206225495873893 0.0 -1.420259995882904 C
129  -2.9759815692477947 0.0 -0.710259995882905 C
130  -1.746225495873892 0.0 -1.420259995882904 C
131  -0.5159815692477938 0.0 -0.710259995882905 C
132  0.7137745041261088 0.0 -1.420259995882904 C
133  1.944018430752207 0.0 -0.710259995882905 C
134  3.1737745041261096 0.0 -1.420259995882904 C
135  4.404018430752208 0.0 -0.710259995882905 C
136  5.6337745041261105 0.0 -1.420259995882904 C
137  6.864018430752209 0.0 -0.710259995882905 C
138  8.093774504126111 0.0 -1.420259995882904 C
139  9.32401843075221 0.0 -0.710259995882905 C
140  10.553774504126112 0.0 -1.420259995882904 C
141  11.78401843075221 0.0 -0.710259995882905 C
142  13.013774504126113 0.0 -1.420259995882904 C
143  -11.585981569247792 0.0 1.4201624974268146 C
144  -12.815737642621695 0.0 0.7101624974268155 C
145  -10.35622549587389 0.0 0.7101624974268155 C
146  -9.125981569247791 0.0 1.4201624974268146 C
147  -7.89622549587389 0.0 0.7101624974268155 C
148  -6.665981569247792 0.0 1.4201624974268146 C
149  -5.43622549587389 0.0 0.7101624974268155 C
150  -4.205981569247795 0.0 1.4201624974268146 C
151  -2.9762254958738925 0.0 0.7101624974268155 C
152  -1.7459815692477942 0.0 1.4201624974268146 C
153  -0.5162254958738917 0.0 0.7101624974268155 C
154  0.7140184307522066 0.0 1.4201624974268146 C
155  1.9437745041261092 0.0 0.7101624974268155 C
156  3.1740184307522075 0.0 1.4201624974268146 C
157  4.40377450412611 0.0 0.7101624974268155 C
158  5.634018430752208 0.0 1.4201624974268146 C
159  6.863774504126111 0.0 0.7101624974268155 C
160  8.09401843075221 0.0 1.4201624974268146 C
161  9.323774504126112 0.0 0.7101624974268155 C
162  10.55401843075221 0.0 1.4201624974268146 C
163  11.783774504126113 0.0 0.7101624974268155 C
164  13.01401843075221 0.0 1.4201624974268146 C
165  14.243774504126113 0.0 -0.7098375025731845 C
166  14.243774504126113 0.0 0.7101624974268155 C
167  -12.815981569247793 0.0 3.5505849907365343 C
168  -14.045737642621695 0.0 2.8405849907365353 C
169  -14.045737642621695 0.0 1.420584990736535 C
170  -11.58622549587389 0.0 2.8405849907365353 C
171  -10.355981569247792 0.0 3.5505849907365343 C
172  -9.12622549587389 0.0 2.8405849907365353 C
173  -7.895981569247792 0.0 3.5505849907365343 C
174  -6.666225495873889 0.0 2.8405849907365353 C
175  -5.435981569247795 0.0 3.5505849907365343 C
176  -4.206225495873893 0.0 2.8405849907365353 C
177  -2.9759815692477947 0.0 3.5505849907365343 C
178  -1.746225495873892 0.0 2.8405849907365353 C
179  -0.5159815692477938 0.0 3.5505849907365343 C
180  0.7137745041261088 0.0 2.8405849907365353 C
181  1.944018430752207 0.0 3.5505849907365343 C
182  3.1737745041261096 0.0 2.8405849907365353 C
183  4.404018430752208 0.0 3.5505849907365343 C
184  5.6337745041261105 0.0 2.8405849907365353 C
185  6.864018430752209 0.0 3.5505849907365343 C
186  8.093774504126111 0.0 2.8405849907365353 C
187  9.32401843075221 0.0 3.5505849907365343 C
188  10.553774504126112 0.0 2.8405849907365353 C
189  11.78401843075221 0.0 3.5505849907365343 C
190  13.013774504126113 0.0 2.8405849907365353 C
191  -11.585981569247792 1.7763568394002505e-15 5.681007484046254 C
192  -12.815737642621695 1.7763568394002505e-15 4.971007484046255 C
193  -10.35622549587389 1.7763568394002505e-15 4.971007484046255 C
194  -9.125981569247791 1.7763568394002505e-15 5.681007484046254 C
195  -7.896225495873889 1.7763568394002505e-15 4.971007484046255 C
196  -6.6659815692477915 1.7763568394002505e-15 5.681007484046254 C
197  -5.436225495873889 1.7763568394002505e-15 4.971007484046255 C
198  -4.205981569247795 1.7763568394002505e-15 5.681007484046254 C
199  -2.9762254958738925 1.7763568394002505e-15 4.971007484046255 C
200  -1.7459815692477942 1.7763568394002505e-15 5.681007484046254 C
201  -0.5162254958738917 1.7763568394002505e-15 4.971007484046255 C
202  0.7140184307522066 1.7763568394002505e-15 5.681007484046254 C
203  1.9437745041261092 1.7763568394002505e-15 4.971007484046255 C
204  3.1740184307522075 1.7763568394002505e-15 5.681007484046254 C
205  4.40377450412611 1.7763568394002505e-15 4.971007484046255 C
206  5.634018430752208 1.7763568394002505e-15 5.681007484046254 C
207  6.863774504126111 1.7763568394002505e-15 4.971007484046255 C
208  8.09401843075221 1.7763568394002505e-15 5.681007484046254 C
209  9.323774504126112 1.7763568394002505e-15 4.971007484046255 C
210  10.55401843075221 1.7763568394002505e-15 5.681007484046254 C
211  11.783774504126113 1.7763568394002505e-15 4.971007484046255 C
212  13.01401843075221 1.7763568394002505e-15 5.681007484046254 C
213  14.243774504126113 0.0 3.551007484046255 C
214  14.243774504126113 1.7763568394002505e-15 4.971007484046255 C
215  -12.815981569247791 1.7763568394002505e-15 7.811429977355973 C
216  -14.045737642621695 1.7763568394002505e-15 7.101429977355973 C
217  -14.045737642621695 1.7763568394002505e-15 5.681429977355974 C
218  -11.586225495873888 1.7763568394002505e-15 7.101429977355973 C
219  -10.355981569247792 1.7763568394002505e-15 7.811429977355973 C
220  -9.12622549587389 1.7763568394002505e-15 7.101429977355973 C
221  -7.895981569247791 1.7763568394002505e-15 7.811429977355973 C
222  -6.6662254958738885 1.7763568394002505e-15 7.101429977355973 C
223  -5.435981569247795 1.7763568394002505e-15 7.811429977355973 C
224  -4.206225495873893 1.7763568394002505e-15 7.101429977355973 C
225  -2.9759815692477947 1.7763568394002505e-15 7.811429977355973 C
226  -1.746225495873892 1.7763568394002505e-15 7.101429977355973 C
227  -0.5159815692477938 1.7763568394002505e-15 7.811429977355973 C
228  0.7137745041261088 1.7763568394002505e-15 7.101429977355973 C
229  1.944018430752207 1.7763568394002505e-15 7.811429977355973 C
230  3.1737745041261096 1.7763568394002505e-15 7.101429977355973 C
231  4.404018430752208 1.7763568394002505e-15 7.811429977355973 C
232  5.6337745041261105 1.7763568394002505e-15 7.101429977355973 C
233  6.864018430752209 1.7763568394002505e-15 7.811429977355973 C
234  8.093774504126111 1.7763568394002505e-15 7.101429977355973 C
235  9.32401843075221 1.7763568394002505e-15 7.811429977355973 C
236  10.553774504126112 1.7763568394002505e-15 7.101429977355973 C
237  11.78401843075221 1.7763568394002505e-15 7.811429977355973 C
238  13.013774504126113 1.7763568394002505e-15 7.101429977355973 C
239  -11.585981569247792 1.7763568394002505e-15 9.941852470665692 C
240  -12.815737642621695 1.7763568394002505e-15 9.231852470665691 C
241  -10.356225495873888 1.7763568394002505e-15 9.231852470665691 C
242  -9.125981569247791 1.7763568394002505e-15 9.941852470665692 C
243  -7.896225495873888 1.7763568394002505e-15 9.231852470665691 C
244  -6.665981569247791 1.7763568394002505e-15 9.941852470665692 C
245  -5.436225495873888 1.7763568394002505e-15 9.231852470665691 C
246  -4.205981569247795 1.7763568394002505e-15 9.941852470665692 C
247  -2.9762254958738925 1.7763568394002505e-15 9.231852470665691 C
248  -1.7459815692477942 1.7763568394002505e-15 9.941852470665692 C
249  -0.5162254958738917 1.7763568394002505e-15 9.231852470665691 C
250  0.7140184307522066 1.7763568394002505e-15 9.941852470665692 C
251  1.9437745041261092 1.7763568394002505e-15 9.231852470665691 C
252  3.1740184307522075 1.7763568394002505e-15 9.941852470665692 C
253  4.40377450412611 1.7763568394002505e-15 9.231852470665691 C
254  5.634018430752208 1.7763568394002505e-15 9.941852470665692 C
255  6.863774504126111 1.7763568394002505e-15 9.231852470665691 C
256  8.09401843075221 1.7763568394002505e-15 9.941852470665692 C
257  9.323774504126112 1.7763568394002505e-15 9.231852470665691 C
258  10.55401843075221 1.7763568394002505e-15 9.941852470665692 C
259  11.783774504126113 1.7763568394002505e-15 9.231852470665691 C
260  13.01401843075221 1.7763568394002505e-15 9.941852470665692 C
261  14.243774504126113 1.7763568394002505e-15 7.811852470665694 C
262  14.243774504126113 1.7763568394002505e-15 9.231852470665691 C
263  -12.815981569247791 3.552713678800501e-15 12.072274963975412 C
264  -14.045737642621694 1.7763568394002505e-15 11.36227496397541 C
265  -14.045737642621694 1.7763568394002505e-15 9.942274963975413 C
266  -11.586225495873887 1.7763568394002505e-15 11.36227496397541 C
267  -10.35598156924779 3.552713678800501e-15 12.072274963975412 C
268  -9.126225495873888 1.7763568394002505e-15 11.36227496397541 C
269  -7.89598156924779 3.552713678800501e-15 12.072274963975412 C
270  -6.666225495873888 1.7763568394002505e-15 11.36227496397541 C
271  -5.435981569247795 3.552713678800501e-15 12.072274963975412 C
272  -4.206225495873893 1.7763568394002505e-15 11.36227496397541 C
273  -2.9759815692477947 3.552713678800501e-15 12.072274963975412 C
274  -1.746225495873892 1.7763568394002505e-15 11.36227496397541 C
275  -0.5159815692477938 3.552713678800501e-15 12.072274963975412 C
276  0.7137745041261088 1.7763568394002505e-15 11.36227496397541 C
277  1.944018430752207 3.552713678800501e-15 12.072274963975412 C
278  3.1737745041261096 1.7763568394002505e-15 11.36227496397541 C
279  4.404018430752208 3.552713678800501e-15 12.072274963975412 C
280  5.6337745041261105 1.7763568394002505e-15 11.36227496397541 C
281  6.864018430752209 3.552713678800501e-15 12.072274963975412 C
282  8.093774504126111 1.7763568394002505e-15 11.36227496397541 C
283  9.32401843075221 3.552713678800501e-15 12.072274963975412 C
284  10.553774504126112 1.7763568394002505e-15 11.36227496397541 C
285  11.78401843075221 3.552713678800501e-15 12.072274963975412 C
286  13.013774504126113 1.7763568394002505e-15 11.36227496397541 C
