# Full attribute export
# Format: index  x  y  z  attr1  attr2 ...

1  -4.334430089045594 -1.8853983726803991 -9.231949969121782 C
2  -4.676728094110077 -0.7078935624980677 -9.941949969121781 C
3  -4.676728094110077 -0.7078935624980677 -11.361949969121781 C
4  -4.334430089045594 -1.8853983726803991 -12.071949969121782 C
5  -3.69908938757658 -2.934220423998216 -11.361949969121781 C
6  -3.69908938757658 -2.934220423998216 -9.941949969121783 C
7  -2.813593137658132 -3.783201195520476 -9.231949969121782 C
8  -2.813593137658132 -3.783201195520476 -12.071949969121782 C
9  -1.7389609244688329 -4.373837385276504 -11.361949969121781 C
10  -1.738960924468831 -4.373837385276505 -9.941949969121783 C
11  -0.5476082913224711 -4.6663281757800705 -9.231949969121782 C
12  -0.5476082913224722 -4.6663281757800705 -12.071949969121782 C
13  0.6783685999025718 -4.640518013908587 -11.361949969121781 C
14  0.6783685999025718 -4.640518013908587 -9.941949969121783 C
15  1.856355640324585 -4.298146152284487 -9.231949969121782 C
16  1.856355640324585 -4.298146152284487 -12.071949969121782 C
17  2.9051776916424017 -3.662805450815472 -11.361949969121781 C
18  2.9051776916424017 -3.662805450815472 -9.941949969121783 C
19  3.7541584631646625 -2.777309200897024 -9.231949969121782 C
20  3.7541584631646625 -2.777309200897024 -12.071949969121782 C
21  4.344794652920691 -1.702676987707724 -11.361949969121781 C
22  4.344794652920691 -1.702676987707724 -9.941949969121783 C
23  4.637285443424258 -0.5113243545613626 -9.231949969121782 C
24  4.637285443424258 -0.5113243545613626 -12.071949969121782 C
25  4.611475281552774 0.7146525366636799 -11.361949969121781 C
26  4.611475281552774 0.7146525366636799 -9.941949969121783 C
27  4.2691034199286735 1.8926395770856947 -9.231949969121782 C
28  4.2691034199286735 1.8926395770856947 -12.071949969121782 C
29  3.6337627184596584 2.9414616284035118 -11.361949969121781 C
30  3.6337627184596584 2.9414616284035118 -9.941949969121783 C
31  2.7482664685412095 3.7904423999257726 -9.231949969121782 C
32  2.7482664685412095 3.7904423999257726 -12.071949969121782 C
33  1.673634255351909 4.3810785896818 -11.361949969121781 C
34  1.673634255351909 4.3810785896818 -9.941949969121783 C
35  0.48228162220554716 4.6735693801853655 -9.231949969121782 C
36  0.48228162220554716 4.6735693801853655 -12.071949969121782 C
37  -0.7436952690194947 4.647759218313881 -11.361949969121781 C
38  -0.7436952690194947 4.647759218313881 -9.941949969121783 C
39  -1.9216823094415099 4.3053873566897805 -9.231949969121782 C
40  -1.9216823094415099 4.3053873566897805 -12.071949969121782 C
41  -2.9705043607593256 3.6700466552207667 -11.361949969121781 C
42  -2.9705043607593256 3.6700466552207667 -9.941949969121783 C
43  -3.8194851322815864 2.784550405302317 -9.231949969121782 C
44  -3.8194851322815864 2.784550405302317 -12.071949969121782 C
45  -4.410121322037614 1.709918192113016 -11.361949969121781 C
46  -4.410121322037614 1.709918192113016 -9.941949969121783 C
47  -3.698936854129516 -2.9344107756371187 -7.101527475812062 C
48  -4.334332008083541 -1.8856217117136849 -7.811527475812062 C
49  -2.8137897402834375 -3.7830568085175 -7.8115274758120625 C
50  -1.7387336508092974 -4.373925967907914 -7.101527475812062 C
51  -0.5478507476919248 -4.666301434280169 -7.8115274758120625 C
52  0.6786097159810454 -4.6404810918879535 -7.101527475812062 C
53  1.8561322961993783 -4.298244221650965 -7.8115274758120625 C
54  2.905368043281304 -3.6626529173684084 -7.101527475812062 C
55  3.7540140761616856 -2.77750580352233 -7.8115274758120625 C
56  4.344883235552101 -1.7024497140481885 -7.101527475812062 C
57  4.637258701924356 -0.5115668109308172 -7.8115274758120625 C
58  4.611438359532141 0.7148936527421537 -7.101527475812062 C
59  4.269201489295151 1.8924162329604872 -7.8115274758120625 C
60  3.633610185012594 2.9416519800424146 -7.101527475812062 C
61  2.748463071166516 3.7902980129227952 -7.8115274758120625 C
62  1.6734069816923736 4.3811671723132095 -7.101527475812062 C
63  0.4825240785750018 4.673542638685464 -7.8115274758120625 C
64  -0.7439363850979683 4.6477222962932485 -7.101527475812062 C
65  -1.9214589653163021 4.305485426056259 -7.8115274758120625 C
66  -2.970694712398228 3.6698941217737024 -7.101527475812062 C
67  -3.819340745278609 2.7847470079276233 -7.8115274758120625 C
68  -4.410209904669023 1.7096909184534805 -7.101527475812062 C
69  -4.702585371041278 0.5188080153361084 -9.231527475812063 C
70  -4.702585371041278 0.5188080153361084 -7.8115274758120625 C
71  -4.334430089045593 -1.8853983726804013 -4.971104982502343 C
72  -4.676728094110077 -0.7078935624980677 -5.681104982502343 C
73  -4.676728094110077 -0.7078935624980677 -7.101104982502343 C
74  -3.699089387576579 -2.9342204239982177 -5.681104982502343 C
75  -2.8135931376581307 -3.783201195520477 -4.971104982502343 C
76  -1.738960924468831 -4.373837385276505 -5.681104982502343 C
77  -0.5476082913224701 -4.6663281757800705 -4.971104982502343 C
78  0.6783685999025718 -4.640518013908587 -5.681104982502343 C
79  1.856355640324585 -4.298146152284487 -4.971104982502343 C
80  2.9051776916424017 -3.662805450815472 -5.681104982502343 C
81  3.7541584631646625 -2.777309200897024 -4.971104982502343 C
82  4.344794652920691 -1.702676987707724 -5.681104982502343 C
83  4.637285443424258 -0.5113243545613626 -4.971104982502343 C
84  4.611475281552774 0.7146525366636799 -5.681104982502343 C
85  4.2691034199286735 1.8926395770856947 -4.971104982502343 C
86  3.6337627184596584 2.9414616284035118 -5.681104982502343 C
87  2.7482664685412095 3.7904423999257726 -4.971104982502343 C
88  1.673634255351909 4.3810785896818 -5.681104982502343 C
89  0.48228162220554716 4.6735693801853655 -4.971104982502343 C
90  -0.7436952690194947 4.647759218313881 -5.681104982502343 C
91  -1.9216823094415099 4.3053873566897805 -4.971104982502343 C
92  -2.9705043607593256 3.6700466552207667 -5.681104982502343 C
93  -3.8194851322815864 2.784550405302317 -4.971104982502343 C
94  -4.410121322037614 1.709918192113016 -5.681104982502343 C
95  -3.698936854129516 -2.9344107756371187 -2.8406824891926243 C
96  -4.334332008083541 -1.8856217117136849 -3.5506824891926234 C
97  -2.8137897402834375 -3.7830568085175 -3.5506824891926234 C
98  -1.7387336508092956 -4.3739259679079145 -2.8406824891926243 C
99  -0.5478507476919237 -4.666301434280169 -3.5506824891926234 C
100  0.6786097159810454 -4.6404810918879535 -2.8406824891926243 C
101  1.8561322961993794 -4.298244221650964 -3.5506824891926234 C
102  2.905368043281304 -3.6626529173684084 -2.8406824891926243 C
103  3.7540140761616856 -2.77750580352233 -3.5506824891926234 C
104  4.344883235552101 -1.7024497140481885 -2.8406824891926243 C
105  4.637258701924356 -0.5115668109308172 -3.5506824891926234 C
106  4.611438359532141 0.7148936527421537 -2.8406824891926243 C
107  4.269201489295151 1.8924162329604872 -3.5506824891926234 C
108  3.633610185012594 2.9416519800424146 -2.8406824891926243 C
109  2.748463071166516 3.7902980129227952 -3.5506824891926234 C
110  1.6734069816923736 4.3811671723132095 -2.8406824891926243 C
111  0.4825240785750018 4.673542638685464 -3.5506824891926234 C
112  -0.7439363850979683 4.6477222962932485 -2.8406824891926243 C
113  -1.9214589653163021 4.305485426056259 -3.5506824891926234 C
114  -2.970694712398228 3.6698941217737024 -2.8406824891926243 C
115  -3.819340745278609 2.7847470079276233 -3.5506824891926234 C
116  -4.410209904669023 1.7096909184534805 -2.8406824891926243 C
117  -4.702585371041278 0.5188080153361084 -4.970682489192623 C
118  -4.702585371041278 0.5188080153361084 -3.5506824891926234 C
119  -4.334430089045593 -1.8853983726804013 -0.7102599958829049 C
120  -4.676728094110076 -0.7078935624980698 -1.4202599958829039 C
121  -4.676728094110076 -0.7078935624980698 -2.840259995882904 C
122  -3.699089387576579 -2.9342204239982177 -1.4202599958829039 C
123  -2.8135931376581307 -3.783201195520477 -0.7102599958829049 C
124  -1.738960924468829 -4.373837385276506 -1.4202599958829039 C
125  -0.547608291322469 -4.6663281757800705 -0.7102599958829049 C
126  0.6783685999025729 -4.640518013908587 -1.4202599958829039 C
127  1.856355640324585 -4.298146152284487 -0.7102599958829049 C
128  2.9051776916424017 -3.662805450815472 -1.4202599958829039 C
129  3.7541584631646625 -2.777309200897024 -0.7102599958829049 C
130  4.344794652920691 -1.702676987707724 -1.4202599958829039 C
131  4.637285443424258 -0.5113243545613626 -0.7102599958829049 C
132  4.611475281552774 0.7146525366636799 -1.4202599958829039 C
133  4.2691034199286735 1.8926395770856947 -0.7102599958829049 C
134  3.6337627184596584 2.9414616284035118 -1.4202599958829039 C
135  2.7482664685412095 3.7904423999257726 -0.7102599958829049 C
136  1.673634255351909 4.3810785896818 -1.4202599958829039 C
137  0.48228162220554716 4.6735693801853655 -0.7102599958829049 C
138  -0.7436952690194947 4.647759218313881 -1.4202599958829039 C
139  -1.9216823094415099 4.3053873566897805 -0.7102599958829049 C
140  -2.9705043607593256 3.6700466552207667 -1.4202599958829039 C
141  -3.8194851322815864 2.784550405302317 -0.7102599958829049 C
142  -4.410121322037614 1.709918192113016 -1.4202599958829039 C
143  -3.698936854129515 -2.93441077563712 1.4201624974268148 C
144  -4.334332008083541 -1.8856217117136866 0.7101624974268156 C
145  -2.8137897402834375 -3.7830568085175 0.7101624974268156 C
146  -1.7387336508092937 -4.373925967907915 1.4201624974268148 C
147  -0.5478507476919237 -4.666301434280169 0.7101624974268156 C
148  0.6786097159810465 -4.6404810918879535 1.4201624974268148 C
149  1.85613229619938 -4.298244221650964 0.7101624974268156 C
150  2.905368043281304 -3.6626529173684084 1.4201624974268148 C
151  3.7540140761616856 -2.77750580352233 0.7101624974268156 C
152  4.344883235552101 -1.7024497140481885 1.4201624974268148 C
153  4.637258701924356 -0.5115668109308172 0.7101624974268156 C
154  4.611438359532141 0.7148936527421537 1.4201624974268148 C
155  4.269201489295151 1.8924162329604872 0.7101624974268156 C
156  3.633610185012594 2.9416519800424146 1.4201624974268148 C
157  2.748463071166516 3.7902980129227952 0.7101624974268156 C
158  1.6734069816923736 4.3811671723132095 1.4201624974268148 C
159  0.4825240785750018 4.673542638685464 0.7101624974268156 C
160  -0.7439363850979683 4.6477222962932485 1.4201624974268148 C
161  -1.9214589653163021 4.305485426056259 0.7101624974268156 C
162  -2.970694712398228 3.6698941217737024 1.4201624974268148 C
163  -3.819340745278609 2.7847470079276233 0.7101624974268156 C
164  -4.410209904669023 1.7096909184534805 1.4201624974268148 C
165  -4.702585371041278 0.5188080153361084 -0.7098375025731843 C
166  -4.702585371041278 0.5188080153361084 0.7101624974268156 C
167  -4.334430089045593 -1.8853983726804013 3.5505849907365343 C
168  -4.676728094110076 -0.7078935624980698 2.8405849907365353 C
169  -4.676728094110076 -0.7078935624980698 1.4205849907365353 C
170  -3.699089387576579 -2.9342204239982177 2.8405849907365353 C
171  -2.8135931376581307 -3.783201195520477 3.5505849907365343 C
172  -1.738960924468829 -4.373837385276506 2.8405849907365353 C
173  -0.547608291322469 -4.6663281757800705 3.5505849907365343 C
174  0.6783685999025738 -4.640518013908586 2.8405849907365353 C
175  1.856355640324585 -4.298146152284487 3.5505849907365343 C
176  2.9051776916424017 -3.662805450815472 2.8405849907365353 C
177  3.7541584631646625 -2.777309200897024 3.5505849907365343 C
178  4.344794652920691 -1.702676987707724 2.8405849907365353 C
179  4.637285443424258 -0.5113243545613626 3.5505849907365343 C
180  4.611475281552774 0.7146525366636799 2.8405849907365353 C
181  4.2691034199286735 1.8926395770856947 3.5505849907365343 C
182  3.6337627184596584 2.9414616284035118 2.8405849907365353 C
183  2.7482664685412095 3.7904423999257726 3.5505849907365343 C
184  1.673634255351909 4.3810785896818 2.8405849907365353 C
185  0.48228162220554716 4.6735693801853655 3.5505849907365343 C
186  -0.7436952690194947 4.647759218313881 2.8405849907365353 C
187  -1.9216823094415099 4.3053873566897805 3.5505849907365343 C
188  -2.9705043607593256 3.6700466552207667 2.8405849907365353 C
189  -3.8194851322815864 2.784550405302317 3.5505849907365343 C
190  -4.410121322037614 1.709918192113016 2.8405849907365353 C
191  -3.698936854129515 -2.93441077563712 5.681007484046254 C
192  -4.334332008083541 -1.8856217117136866 4.971007484046255 C
193  -2.8137897402834375 -3.7830568085175 4.971007484046255 C
194  -1.7387336508092937 -4.373925967907915 5.681007484046254 C
195  -0.5478507476919227 -4.66630143428017 4.971007484046255 C
196  0.6786097159810475 -4.6404810918879535 5.681007484046254 C
197  1.8561322961993811 -4.298244221650963 4.971007484046255 C
198  2.905368043281304 -3.6626529173684084 5.681007484046254 C
199  3.7540140761616856 -2.77750580352233 4.971007484046255 C
200  4.344883235552101 -1.7024497140481885 5.681007484046254 C
201  4.637258701924356 -0.5115668109308172 4.971007484046255 C
202  4.611438359532141 0.7148936527421537 5.681007484046254 C
203  4.269201489295151 1.8924162329604872 4.971007484046255 C
204  3.633610185012594 2.9416519800424146 5.681007484046254 C
205  2.748463071166516 3.7902980129227952 4.971007484046255 C
206  1.6734069816923736 4.3811671723132095 5.681007484046254 C
207  0.4825240785750018 4.673542638685464 4.971007484046255 C
208  -0.7439363850979683 4.6477222962932485 5.681007484046254 C
209  -1.9214589653163021 4.305485426056259 4.971007484046255 C
210  -2.970694712398228 3.6698941217737024 5.681007484046254 C
211  -3.819340745278609 2.7847470079276233 4.971007484046255 C
212  -4.410209904669023 1.7096909184534805 5.681007484046254 C
213  -4.702585371041278 0.5188080153361084 3.551007484046255 C
214  -4.702585371041278 0.5188080153361084 4.971007484046255 C
215  -4.334430089045593 -1.8853983726804031 7.811429977355973 C
216  -4.676728094110076 -0.7078935624980698 7.101429977355973 C
217  -4.676728094110076 -0.7078935624980698 5.681429977355974 C
218  -3.699089387576579 -2.9342204239982177 7.101429977355973 C
219  -2.8135931376581307 -3.783201195520477 7.811429977355973 C
220  -1.738960924468829 -4.373837385276506 7.101429977355973 C
221  -0.547608291322468 -4.6663281757800705 7.811429977355973 C
222  0.6783685999025748 -4.640518013908586 7.101429977355973 C
223  1.856355640324585 -4.298146152284487 7.811429977355973 C
224  2.9051776916424017 -3.662805450815472 7.101429977355973 C
225  3.7541584631646625 -2.777309200897024 7.811429977355973 C
226  4.344794652920691 -1.702676987707724 7.101429977355973 C
227  4.637285443424258 -0.5113243545613626 7.811429977355973 C
228  4.611475281552774 0.7146525366636799 7.101429977355973 C
229  4.2691034199286735 1.8926395770856947 7.811429977355973 C
230  3.6337627184596584 2.9414616284035118 7.101429977355973 C
231  2.7482664685412095 3.7904423999257726 7.811429977355973 C
232  1.673634255351909 4.3810785896818 7.101429977355973 C
233  0.48228162220554716 4.6735693801853655 7.811429977355973 C
234  -0.7436952690194947 4.647759218313881 7.101429977355973 C
235  -1.9216823094415099 4.3053873566897805 7.811429977355973 C
236  -2.9705043607593256 3.6700466552207667 7.101429977355973 C
237  -3.8194851322815864 2.784550405302317 7.811429977355973 C
238  -4.410121322037614 1.709918192113016 7.101429977355973 C
239  -3.698936854129515 -2.93441077563712 9.941852470665692 C
240  -4.334332008083541 -1.8856217117136866 9.231852470665691 C
241  -2.8137897402834353 -3.7830568085175007 9.231852470665691 C
242  -1.7387336508092937 -4.373925967907915 9.941852470665692 C
243  -0.5478507476919217 -4.66630143428017 9.231852470665691 C
244  0.6786097159810485 -4.6404810918879535 9.941852470665692 C
245  1.856132296199382 -4.298244221650962 9.231852470665691 C
246  2.905368043281304 -3.6626529173684084 9.941852470665692 C
247  3.7540140761616856 -2.77750580352233 9.231852470665691 C
248  4.344883235552101 -1.7024497140481885 9.941852470665692 C
249  4.637258701924356 -0.5115668109308172 9.231852470665691 C
250  4.611438359532141 0.7148936527421537 9.941852470665692 C
251  4.269201489295151 1.8924162329604872 9.231852470665691 C
252  3.633610185012594 2.9416519800424146 9.941852470665692 C
253  2.748463071166516 3.7902980129227952 9.231852470665691 C
254  1.6734069816923736 4.3811671723132095 9.941852470665692 C
255  0.4825240785750018 4.673542638685464 9.231852470665691 C
256  -0.7439363850979683 4.6477222962932485 9.941852470665692 C
257  -1.9214589653163021 4.305485426056259 9.231852470665691 C
258  -2.970694712398228 3.6698941217737024 9.941852470665692 C
259  -3.819340745278609 2.7847470079276233 9.231852470665691 C
260  -4.410209904669023 1.7096909184534805 9.941852470665692 C
261  -4.702585371041278 0.5188080153361084 7.811852470665694 C
262  -4.702585371041278 0.5188080153361084 9.231852470665691 C
263  -4.334430089045593 -1.8853983726804031 12.072274963975412 C
264  -4.676728094110076 -0.7078935624980719 11.36227496397541 C
265  -4.676728094110076 -0.7078935624980719 9.942274963975413 C
266  -3.6990893875765773 -2.934220423998219 11.36227496397541 C
267  -2.813593137658129 -3.783201195520478 12.072274963975412 C
268  -1.7389609244688282 -4.373837385276506 11.36227496397541 C
269  -0.547608291322467 -4.6663281757800705 12.072274963975412 C
270  0.6783685999025759 -4.640518013908586 11.36227496397541 C
271  1.856355640324585 -4.298146152284487 12.072274963975412 C
272  2.9051776916424017 -3.662805450815472 11.36227496397541 C
273  3.7541584631646625 -2.777309200897024 12.072274963975412 C
274  4.344794652920691 -1.702676987707724 11.36227496397541 C
275  4.637285443424258 -0.5113243545613626 12.072274963975412 C
276  4.611475281552774 0.7146525366636799 11.36227496397541 C
277  4.2691034199286735 1.8926395770856947 12.072274963975412 C
278  3.6337627184596584 2.9414616284035118 11.36227496397541 C
279  2.7482664685412095 3.7904423999257726 12.072274963975412 C
280  1.673634255351909 4.3810785896818 11.36227496397541 C
281  0.48228162220554716 4.6735693801853655 12.072274963975412 C
282  -0.7436952690194947 4.647759218313881 11.36227496397541 C
283  -1.9216823094415099 4.3053873566897805 12.072274963975412 C
284  -2.9705043607593256 3.6700466552207667 11.36227496397541 C
285  -3.8194851322815864 2.784550405302317 12.072274963975412 C
286  -4.410121322037614 1.709918192113016 11.36227496397541 C
