SUMMARY COUNTS
TOTAL_ELEMENTS: 6
TOTAL_BODIES: 1
TOTAL_BONDS: 6
TOTAL_ANGLES: 6
TOTAL_DIHEDRALS: 6
TOTAL_IMPROPERS: 0

BONDS (# id1 id2 body | coords1 | coords2)

1   1 2   1    0.000000 1.420000 0.000000    -1.229756 0.710000 0.000000
2   1 6   1    0.000000 1.420000 0.000000    1.229756 0.710000 0.000000
3   2 3   1    -1.229756 0.710000 0.000000    -1.229756 -0.710000 0.000000
4   3 4   1    -1.229756 -0.710000 0.000000    -0.000000 -1.420000 0.000000
5   4 5   1    -0.000000 -1.420000 0.000000    1.229756 -0.710000 0.000000
6   5 6   1    1.229756 -0.710000 0.000000    1.229756 0.710000 0.000000

ANGLES (# A B C body | coordsA | coordsB | coordsC)

1   1 2 3   1    0.000000 1.420000 0.000000    -1.229756 0.710000 0.000000    -1.229756 -0.710000 0.000000
2   1 6 5   1    0.000000 1.420000 0.000000    1.229756 0.710000 0.000000    1.229756 -0.710000 0.000000
3   2 1 6   1    -1.229756 0.710000 0.000000    0.000000 1.420000 0.000000    1.229756 0.710000 0.000000
4   2 3 4   1    -1.229756 0.710000 0.000000    -1.229756 -0.710000 0.000000    -0.000000 -1.420000 0.000000
5   3 4 5   1    -1.229756 -0.710000 0.000000    -0.000000 -1.420000 0.000000    1.229756 -0.710000 0.000000
6   4 5 6   1    -0.000000 -1.420000 0.000000    1.229756 -0.710000 0.000000    1.229756 0.710000 0.000000

DIHEDRALS (# A B C D body | coords...)

1   1 2 3 4   1    0.000000 1.420000 0.000000    -1.229756 0.710000 0.000000    -1.229756 -0.710000 0.000000    -0.000000 -1.420000 0.000000
2   1 6 5 4   1    0.000000 1.420000 0.000000    1.229756 0.710000 0.000000    1.229756 -0.710000 0.000000    -0.000000 -1.420000 0.000000
3   2 1 6 5   1    -1.229756 0.710000 0.000000    0.000000 1.420000 0.000000    1.229756 0.710000 0.000000    1.229756 -0.710000 0.000000
4   2 3 4 5   1    -1.229756 0.710000 0.000000    -1.229756 -0.710000 0.000000    -0.000000 -1.420000 0.000000    1.229756 -0.710000 0.000000
5   3 2 1 6   1    -1.229756 -0.710000 0.000000    -1.229756 0.710000 0.000000    0.000000 1.420000 0.000000    1.229756 0.710000 0.000000
6   3 4 5 6   1    -1.229756 -0.710000 0.000000    -0.000000 -1.420000 0.000000    1.229756 -0.710000 0.000000    1.229756 0.710000 0.000000

IMPROPERS (# n1 center n2 n3 body | coords...)

