0.0 0.0 0.0 0.0 0.0
0.5 0.0543987 0.0556906 0.0553278 0.165417
1.0 0.105153 0.104742 0.105838 0.315734
1.5 0.152065 0.157657 0.155019 0.464741
2.0 0.201167 0.210523 0.203724 0.615414
2.5 0.250366 0.258141 0.259872 0.768379
3.0 0.305033 0.303094 0.313515 0.921642
3.5 0.357554 0.35438 0.36487 1.0768
4.0 0.40145 0.403134 0.407449 1.21203
4.5 0.449675 0.449076 0.451099 1.34985
5.0 0.504973 0.500456 0.501968 1.5074
5.5 0.549767 0.551032 0.553481 1.65428
6.0 0.602573 0.603145 0.610529 1.81625
6.5 0.650596 0.65178 0.668632 1.97101
7.0 0.705334 0.707252 0.720862 2.13345
7.5 0.751513 0.764229 0.770031 2.28577
8.0 0.796102 0.812056 0.811833 2.41999
8.5 0.840569 0.862294 0.85276 2.55562
9.0 0.888388 0.922764 0.895093 2.70624
9.5 0.926752 0.976135 0.938288 2.84117
10.0 0.977888 1.01843 0.993286 2.98961
10.5 1.02751 1.07551 1.04372 3.14674
11.0 1.08313 1.1215 1.09819 3.30282
11.5 1.13542 1.15675 1.15596 3.44813
12.0 1.1932 1.20531 1.20532 3.60383
12.5 1.25463 1.2419 1.25218 3.74871
13.0 1.30013 1.27912 1.30167 3.88093
13.5 1.33747 1.32805 1.33779 4.00331
14.0 1.38867 1.38078 1.38293 4.15238
14.5 1.43268 1.44314 1.42759 4.30341
15.0 1.48005 1.50782 1.48044 4.46832
15.5 1.52441 1.55853 1.52656 4.6095
16.0 1.58328 1.61174 1.57786 4.77288
16.5 1.62377 1.66658 1.62059 4.91094
17.0 1.67898 1.71378 1.67537 5.06813
17.5 1.73482 1.77024 1.73696 5.24202
18.0 1.79217 1.8203 1.78805 5.40052
18.5 1.84221 1.87421 1.83759 5.55401
19.0 1.89791 1.91879 1.88562 5.70232
19.5 1.95375 1.97697 1.93235 5.86307
20.0 2.00266 2.0227 1.97629 6.00165
20.5 2.07038 2.04611 2.0191 6.13559
21.0 2.11931 2.08584 2.08317 6.28832
21.5 2.15657 2.13134 2.1287 6.41661
22.0 2.19686 2.1858 2.17312 6.55578
22.5 2.25388 2.23452 2.20772 6.69612
23.0 2.32471 2.28309 2.25478 6.86258
23.5 2.36847 2.33124 2.30162 7.00133
24.0 2.4178 2.36701 2.3435 7.12831
24.5 2.47495 2.42377 2.38311 7.28183
25.0 2.51889 2.48538 2.43138 7.43565
25.5 2.56492 2.53598 2.47467 7.57557
26.0 2.61392 2.59557 2.52177 7.73126
26.5 2.67066 2.63653 2.56593 7.87312
27.0 2.71068 2.67958 2.61782 8.00807
27.5 2.76151 2.72772 2.68019 8.16942
28.0 2.79931 2.76974 2.73329 8.30234
28.5 2.84146 2.8171 2.78271 8.44127
29.0 2.89606 2.85463 2.83685 8.58754
29.5 2.9469 2.90539 2.88634 8.73862
30.0 3.00082 2.96369 2.93437 8.89888
30.5 3.03865 3.01415 2.97527 9.02806
31.0 3.08401 3.06683 3.01471 9.16555
31.5 3.14303 3.12362 3.04844 9.31509
32.0 3.21082 3.16422 3.09472 9.46976
32.5 3.27675 3.22303 3.14965 9.64943
33.0 3.33795 3.27377 3.20415 9.81587
33.5 3.38065 3.31535 3.25888 9.95488
34.0 3.42573 3.3528 3.30258 10.0811
34.5 3.46931 3.40947 3.35313 10.2319
35.0 3.50566 3.45631 3.39936 10.3613
35.5 3.54483 3.48862 3.45431 10.4878
36.0 3.59702 3.53755 3.52051 10.6551
36.5 3.64204 3.59657 3.57931 10.8179
37.0 3.68667 3.6262 3.63879 10.9517
37.5 3.73018 3.6542 3.67068 11.0551
38.0 3.79067 3.6979 3.72094 11.2095
38.5 3.84827 3.74596 3.78935 11.3836
39.0 3.881 3.78106 3.83396 11.496
39.5 3.9384 3.82172 3.87286 11.633
40.0 4.01683 3.86403 3.92916 11.81
40.5 4.0579 3.9283 3.96497 11.9512
41.0 4.11775 3.97933 4.0001 12.0972
41.5 4.1739 4.03201 4.05804 12.264
42.0 4.24621 4.08328 4.09815 12.4276
42.5 4.29587 4.13508 4.16181 12.5928
43.0 4.35004 4.1835 4.21035 12.7439
43.5 4.40225 4.22668 4.27176 12.9007
44.0 4.46634 4.26579 4.34175 13.0739
44.5 4.51993 4.30888 4.3917 13.2205
45.0 4.58919 4.36348 4.44965 13.4023
45.5 4.64954 4.40576 4.48414 13.5394
46.0 4.69956 4.46186 4.5511 13.7125
46.5 4.73852 4.51623 4.63087 13.8856
47.0 4.77348 4.5593 4.67531 14.0081
47.5 4.81417 4.63924 4.72393 14.1773
48.0 4.85976 4.68521 4.78291 14.3279
48.5 4.89897 4.73519 4.84205 14.4762
49.0 4.9753 4.77228 4.91024 14.6578
49.5 5.02299 4.83404 4.95519 14.8122
50.0 5.06577 4.87532 5.00884 14.9499
50.5 5.11307 4.92553 5.06002 15.0986
51.0 5.14792 4.96755 5.11115 15.2266
51.5 5.19894 5.02084 5.15873 15.3785
52.0 5.26391 5.0711 5.21797 15.553
52.5 5.32053 5.12838 5.26242 15.7113
53.0 5.38174 5.16487 5.31776 15.8644
53.5 5.42585 5.21777 5.37394 16.0176
54.0 5.47494 5.27108 5.44157 16.1876
54.5 5.53301 5.32487 5.491 16.3489
55.0 5.57843 5.38454 5.53962 16.5026
55.5 5.60808 5.40768 5.58777 16.6035
56.0 5.66006 5.46927 5.65583 16.7852
56.5 5.69287 5.51429 5.71834 16.9255
57.0 5.73098 5.57633 5.76944 17.0768
57.5 5.79817 5.61508 5.8272 17.2405
58.0 5.84313 5.66041 5.86986 17.3734
58.5 5.88333 5.70703 5.93925 17.5296
59.0 5.94814 5.73626 5.99721 17.6816
59.5 5.97728 5.78744 6.04643 17.8112
60.0 6.02471 5.84917 6.08865 17.9625
60.5 6.05124 5.92933 6.13872 18.1193
61.0 6.08356 6.00081 6.17185 18.2562
61.5 6.13514 6.05257 6.22174 18.4094
62.0 6.177 6.11087 6.27881 18.5667
62.5 6.24476 6.15495 6.34159 18.7413
63.0 6.29369 6.19054 6.38258 18.8668
63.5 6.3349 6.2227 6.4401 18.9977
64.0 6.39013 6.26148 6.47957 19.1312
64.5 6.43556 6.31202 6.51369 19.2613
65.0 6.49162 6.34883 6.57777 19.4182
65.5 6.55212 6.38828 6.63389 19.5743
66.0 6.62821 6.42822 6.68702 19.7434
66.5 6.65448 6.48854 6.72307 19.8661
67.0 6.7151 6.54373 6.73538 19.9942
67.5 6.77152 6.60498 6.77099 20.1475
68.0 6.8321 6.64327 6.82015 20.2955
68.5 6.86865 6.68202 6.86385 20.4145
69.0 6.90998 6.72484 6.88744 20.5223
69.5 6.98591 6.76363 6.94266 20.6922
70.0 7.05747 6.8115 7.0007 20.8697
70.5 7.08189 6.8733 7.02734 20.9825
71.0 7.12357 6.90961 7.06888 21.1021
71.5 7.18687 6.93441 7.11484 21.2361
72.0 7.23967 6.97828 7.17294 21.3909
72.5 7.29852 7.03259 7.22283 21.5539
73.0 7.35432 7.08923 7.29189 21.7355
73.5 7.38542 7.14351 7.35462 21.8836
74.0 7.45837 7.20487 7.39504 22.0583
74.5 7.49361 7.25111 7.4211 22.1658
75.0 7.55246 7.29936 7.48327 22.3351
75.5 7.60346 7.35622 7.5413 22.501
76.0 7.65868 7.42637 7.6023 22.6873
76.5 7.73054 7.51363 7.65182 22.896
77.0 7.80416 7.56665 7.70417 23.075
77.5 7.84559 7.62241 7.7486 23.2166
78.0 7.88216 7.65457 7.81579 23.3525
78.5 7.91687 7.68932 7.89043 23.4966
79.0 7.97553 7.75568 7.94399 23.6752
79.5 8.01651 7.81473 7.97523 23.8065
80.0 8.07144 7.87834 8.0077 23.9575
80.5 8.11991 7.96137 8.05572 24.137
81.0 8.13772 8.02433 8.07689 24.2389
81.5 8.17388 8.10922 8.10304 24.3861
82.0 8.20871 8.16684 8.15602 24.5316
82.5 8.26653 8.2194 8.19028 24.6762
83.0 8.32179 8.31127 8.20456 24.8376
83.5 8.37244 8.36562 8.23668 24.9747
84.0 8.44407 8.41161 8.28737 25.143
84.5 8.47796 8.4728 8.32205 25.2728
85.0 8.52995 8.50823 8.38173 25.4199
85.5 8.6095 8.58485 8.42471 25.6191
86.0 8.64592 8.64278 8.45655 25.7453
86.5 8.72858 8.71148 8.51768 25.9577
87.0 8.78789 8.75363 8.55223 26.0938
87.5 8.8157 8.77742 8.6113 26.2044
88.0 8.88892 8.83088 8.66464 26.3844
88.5 8.94755 8.86387 8.71607 26.5275
89.0 8.96804 8.94108 8.77693 26.6861
89.5 9.01995 8.98585 8.81458 26.8204
90.0 9.06073 9.03538 8.85696 26.9531
90.5 9.11863 9.08975 8.89257 27.101
91.0 9.17638 9.12729 8.96635 27.27
91.5 9.24511 9.17825 9.02404 27.4474
92.0 9.29515 9.24062 9.06077 27.5965
92.5 9.36997 9.30829 9.11491 27.7932
93.0 9.43528 9.34906 9.16353 27.9479
93.5 9.47989 9.40151 9.17871 28.0601
94.0 9.51692 9.43038 9.23296 28.1803
94.5 9.55108 9.47852 9.29211 28.3217
95.0 9.61205 9.52099 9.36463 28.4977
95.5 9.66123 9.56609 9.41597 28.6433
96.0 9.71334 9.62185 9.4466 28.7818
96.5 9.74467 9.7031 9.49384 28.9416
97.0 9.7912 9.75854 9.5382 29.0879
97.5 9.85084 9.81403 9.604 29.2689
98.0 9.94293 9.8533 9.68548 29.4817
98.5 9.99263 9.89421 9.74743 29.6343
99.0 10.0809 9.94597 9.80228 29.8292
99.5 10.1621 9.98223 9.86632 30.0106
100.0 10.2318 10.0536 9.91253 30.1979
100.5 10.2649 10.1092 9.97429 30.3484
101.0 10.3237 10.1731 10.0388 30.5355
101.5 10.3831 10.2314 10.0951 30.7096
102.0 10.4443 10.2587 10.1625 30.8655
102.5 10.4642 10.3218 10.2152 31.0012
103.0 10.5573 10.3425 10.2672 31.167
103.5 10.6117 10.3899 10.3328 31.3344
104.0 10.683 10.4127 10.4017 31.4974
104.5 10.7123 10.4538 10.4782 31.6442
105.0 10.7583 10.496 10.5424 31.7967
105.5 10.8034 10.5176 10.609 31.9299
106.0 10.8472 10.5994 10.6489 32.0955
106.5 10.8977 10.6396 10.7107 32.248
107.0 10.9292 10.6868 10.7814 32.3974
107.5 10.9704 10.7328 10.8151 32.5183
108.0 11.0327 10.7983 10.8607 32.6917
108.5 11.0776 10.8314 10.9067 32.8157
109.0 11.1211 10.8793 10.9418 32.9422
109.5 11.1572 10.9262 10.9771 33.0606
110.0 11.2059 10.9653 11.0443 33.2155
110.5 11.2729 11.0361 11.0913 33.4003
111.0 11.3153 11.0784 11.1234 33.5172
111.5 11.3492 11.1079 11.1586 33.6157
112.0 11.4219 11.178 11.2246 33.8245
112.5 11.4573 11.236 11.2531 33.9464
113.0 11.5243 11.2743 11.298 34.0966
113.5 11.5875 11.2944 11.3094 34.1912
114.0 11.6392 11.3562 11.3434 34.3387
114.5 11.6398 11.4176 11.381 34.4383
115.0 11.7021 11.4837 11.4434 34.6292
115.5 11.7678 11.5431 11.492 34.803
116.0 11.7897 11.5957 11.5135 34.8989
116.5 11.849 11.6675 11.5498 35.0663
117.0 11.9001 11.7259 11.6336 35.2597
117.5 11.9513 11.7561 11.6618 35.3691
118.0 11.9892 11.792 11.6944 35.4756
118.5 12.0393 11.8506 11.7335 35.6234
119.0 12.0682 11.8929 11.7927 35.7538
119.5 12.1112 11.9388 11.7907 35.8408
120.0 12.1898 11.9819 11.8264 35.9981
120.5 12.2132 12.0089 11.8883 36.1104
121.0 12.2677 12.0658 11.9627 36.2962
121.5 12.3142 12.1227 12.0057 36.4425
122.0 12.3564 12.1439 12.0754 36.5757
122.5 12.3977 12.2029 12.1524 36.753
123.0 12.4822 12.2663 12.2043 36.9528
123.5 12.5421 12.2947 12.2586 37.0955
124.0 12.5897 12.3431 12.3132 37.2459
124.5 12.6123 12.4114 12.3814 37.4051
125.0 12.6558 12.5038 12.4302 37.5898
125.5 12.6932 12.5389 12.4575 37.6896
126.0 12.7167 12.5985 12.511 37.8261
126.5 12.7585 12.6532 12.5446 37.9562
127.0 12.7746 12.6783 12.5658 38.0187
127.5 12.8528 12.7308 12.6214 38.205
128.0 12.913 12.7369 12.6532 38.3031
128.5 12.9677 12.7824 12.6867 38.4368
129.0 12.988 12.8401 12.7545 38.5825
129.5 13.0349 12.8465 12.8388 38.7202
130.0 13.0871 12.9024 12.8799 38.8694
130.5 13.1167 12.9802 12.9181 39.015
131.0 13.1693 13.0631 12.9718 39.2042
131.5 13.2345 13.1316 12.9844 39.3505
132.0 13.3313 13.1718 13.0384 39.5415
132.5 13.3751 13.2349 13.107 39.717
133.0 13.426 13.3231 13.1302 39.8793
133.5 13.4592 13.396 13.1658 40.021
134.0 13.4775 13.4776 13.2086 40.1637
134.5 13.4645 13.5633 13.2476 40.2754
135.0 13.4936 13.6163 13.3061 40.4161
135.5 13.5168 13.6832 13.3433 40.5433
136.0 13.5766 13.7316 13.3774 40.6856
136.5 13.6665 13.7679 13.422 40.8563
137.0 13.7688 13.8191 13.4411 41.029
137.5 13.8299 13.8577 13.5123 41.2
138.0 13.8569 13.9353 13.572 41.3642
138.5 13.923 13.997 13.6381 41.5581
139.0 13.9412 14.0539 13.6908 41.6859
139.5 13.9814 14.0859 13.7332 41.8005
140.0 14.0487 14.1122 13.8129 41.9738
140.5 14.1305 14.1323 13.8698 42.1326
141.0 14.1871 14.186 13.9332 42.3064
141.5 14.2015 14.2312 13.9546 42.3872
142.0 14.2386 14.2985 13.9844 42.5215
142.5 14.2938 14.37 14.0375 42.7013
143.0 14.371 14.4105 14.0608 42.8424
143.5 14.458 14.4513 14.0712 42.9805
144.0 14.5181 14.4677 14.0969 43.0827
144.5 14.6003 14.5225 14.1378 43.2606
145.0 14.7115 14.5507 14.2084 43.4706
145.5 14.7861 14.6095 14.2267 43.6223
146.0 14.8269 14.6524 14.29 43.7692
146.5 14.906 14.7113 14.3471 43.9644
147.0 14.9657 14.7792 14.3896 44.1346
147.5 14.9567 14.873 14.4604 44.2901
148.0 15.0021 14.9383 14.5472 44.4875
148.5 15.0888 15.0322 14.6075 44.7285
149.0 15.1169 15.1094 14.6618 44.8881
149.5 15.1802 15.146 14.6972 45.0233
150.0 15.2033 15.1662 14.7227 45.0922
150.5 15.226 15.2076 14.7625 45.1962
151.0 15.261 15.2414 14.8039 45.3062
151.5 15.3289 15.2757 14.8553 45.4599
152.0 15.3882 15.3219 14.9072 45.6174
152.5 15.4278 15.3726 14.9487 45.7491
153.0 15.4801 15.4762 15.0235 45.9798
153.5 15.5695 15.5499 15.0624 46.1818
154.0 15.6127 15.6101 15.1365 46.3593
154.5 15.6709 15.6604 15.1823 46.5136
155.0 15.7364 15.7242 15.2214 46.682
155.5 15.7554 15.7495 15.2716 46.7765
156.0 15.8344 15.8071 15.3369 46.9784
156.5 15.8938 15.8602 15.4063 47.1603
157.0 15.9022 15.9246 15.4738 47.3007
157.5 15.9423 16.0015 15.5507 47.4945
158.0 16.0109 16.033 15.6207 47.6646
158.5 16.0792 16.0701 15.6391 47.7884
159.0 16.1118 16.0711 15.6501 47.833
159.5 16.1359 16.0952 15.7414 47.9725
160.0 16.2071 16.1455 15.807 48.1596
160.5 16.2387 16.2119 15.8587 48.3093
161.0 16.2704 16.2701 15.8759 48.4164
161.5 16.299 16.3184 15.9482 48.5656
162.0 16.3438 16.3765 15.9919 48.7122
162.5 16.3789 16.4276 16.0677 48.8742
163.0 16.3903 16.5 16.129 49.0192
163.5 16.4437 16.5618 16.2025 49.208
164.0 16.4948 16.643 16.2693 49.4071
164.5 16.5522 16.6786 16.3408 49.5716
165.0 16.6182 16.7257 16.3487 49.6926
165.5 16.681 16.7809 16.4183 49.8802
166.0 16.7486 16.8552 16.4215 50.0253
166.5 16.775 16.8779 16.4535 50.1064
167.0 16.8183 16.9223 16.5068 50.2474
167.5 16.8981 16.9619 16.5354 50.3954
168.0 16.9693 16.9951 16.5612 50.5256
168.5 17.0051 17.0613 16.6406 50.7069
169.0 17.0801 17.1026 16.7333 50.916
169.5 17.1412 17.1572 16.7486 51.047
170.0 17.2021 17.1937 16.8077 51.2036
170.5 17.2588 17.2259 16.8722 51.357
171.0 17.3176 17.2277 16.8851 51.4304
171.5 17.3675 17.2979 16.8995 51.5649
172.0 17.3958 17.3586 16.961 51.7155
172.5 17.3831 17.3773 17.0044 51.7649
173.0 17.4178 17.409 17.0597 51.8865
173.5 17.4463 17.4544 17.1262 52.0269
174.0 17.4823 17.5053 17.2446 52.2322
174.5 17.5212 17.5288 17.2812 52.3312
175.0 17.5328 17.5861 17.3154 52.4342
175.5 17.5678 17.6544 17.3405 52.5627
176.0 17.6074 17.6874 17.3694 52.6642
176.5 17.6199 17.7173 17.437 52.7742
177.0 17.728 17.7388 17.4789 52.9457
177.5 17.7764 17.7506 17.5094 53.0364
178.0 17.8041 17.8174 17.5901 53.2116
178.5 17.854 17.8941 17.6397 53.3878
179.0 17.8963 17.9673 17.7157 53.5793
179.5 17.9184 17.9947 17.7494 53.6625
180.0 17.9434 18.0354 17.8018 53.7805
180.5 17.9885 18.1033 17.8384 53.9302
181.0 18.0018 18.1747 17.8805 54.0571
181.5 18.0063 18.2151 17.9308 54.1522
182.0 18.0616 18.2932 17.9607 54.3155
182.5 18.1408 18.3212 18.0655 54.5275
183.0 18.1576 18.3372 18.1485 54.6433
183.5 18.1796 18.3245 18.1963 54.7004
184.0 18.183 18.3769 18.2308 54.7907
184.5 18.2375 18.4379 18.3136 54.989
185.0 18.2814 18.4905 18.3519 55.1238
185.5 18.3378 18.5215 18.4168 55.2762
186.0 18.4385 18.5955 18.4702 55.5042
186.5 18.5139 18.5921 18.5183 55.6243
187.0 18.5679 18.6793 18.5364 55.7837
187.5 18.5743 18.7449 18.6084 55.9276
188.0 18.6761 18.7435 18.6132 56.0328
188.5 18.7632 18.7959 18.6434 56.2025
189.0 18.8201 18.8332 18.7375 56.3907
189.5 18.8845 18.8708 18.8469 56.6023
190.0 18.9354 18.9055 18.8966 56.7374
190.5 18.9697 18.9655 18.9643 56.8995
191.0 19.0225 19.0622 19.0182 57.1028
191.5 19.0611 19.0947 19.0949 57.2507
192.0 19.1224 19.1794 19.1474 57.4492
192.5 19.1236 19.1993 19.1589 57.4818
193.0 19.1495 19.2565 19.216 57.622
193.5 19.1663 19.3161 19.3097 57.792
194.0 19.2165 19.4136 19.3545 57.9847
194.5 19.303 19.4864 19.43 58.2194
195.0 19.3518 19.5162 19.48 58.3479
195.5 19.4215 19.5552 19.5175 58.4942
196.0 19.4804 19.6016 19.5535 58.6356
196.5 19.5166 19.6215 19.6283 58.7664
197.0 19.56 19.6217 19.6869 58.8686
197.5 19.647 19.7014 19.6998 59.0482
198.0 19.7037 19.7892 19.7519 59.2449
198.5 19.8079 19.8737 19.8328 59.5143
199.0 19.9178 19.9233 19.8684 59.7095
199.5 19.9243 19.9656 19.879 59.7689
200.0 19.9818 19.9793 19.9262 59.8872
