# Full attribute export
# Format: index  x  y  z  attr1  attr2 ...

1  10.665569910954407 13.114601627319601 5.768050030878218 C 1
2  10.323271905889923 14.292106437501932 5.058050030878219 C 2
3  10.323271905889923 14.292106437501932 3.638050030878219 C 3
4  10.665569910954407 13.114601627319601 2.928050030878218 C 4
5  11.30091061242342 12.065779576001784 3.638050030878219 C 5
6  11.30091061242342 12.065779576001784 5.058050030878217 C 6
7  12.186406862341869 11.216798804479524 5.768050030878218 C 7
8  12.186406862341869 11.216798804479524 2.928050030878218 C 8
9  13.261039075531167 10.626162614723496 3.638050030878219 C 9
10  13.26103907553117 10.626162614723494 5.058050030878217 C 10
11  14.45239170867753 10.33367182421993 5.768050030878218 C 11
12  14.452391708677528 10.33367182421993 2.928050030878218 C 12
13  15.678368599902571 10.359481986091414 3.638050030878219 C 13
14  15.678368599902571 10.359481986091414 5.058050030878217 C 14
15  16.856355640324587 10.701853847715512 5.768050030878218 C 15
16  16.856355640324587 10.701853847715512 2.928050030878218 C 16
17  17.9051776916424 11.337194549184527 3.638050030878219 C 17
18  17.9051776916424 11.337194549184527 5.058050030878217 C 18
19  18.754158463164664 12.222690799102976 5.768050030878218 C 19
20  18.754158463164664 12.222690799102976 2.928050030878218 C 20
21  19.34479465292069 13.297323012292276 3.638050030878219 C 21
22  19.34479465292069 13.297323012292276 5.058050030878217 C 22
23  19.637285443424258 14.488675645438637 5.768050030878218 C 23
24  19.637285443424258 14.488675645438637 2.928050030878218 C 24
25  19.611475281552774 15.71465253666368 3.638050030878219 C 25
26  19.611475281552774 15.71465253666368 5.058050030878217 C 26
27  19.269103419928673 16.892639577085696 5.768050030878218 C 27
28  19.269103419928673 16.892639577085696 2.928050030878218 C 28
29  18.633762718459657 17.941461628403513 3.638050030878219 C 29
30  18.633762718459657 17.941461628403513 5.058050030878217 C 30
31  17.74826646854121 18.790442399925773 5.768050030878218 C 31
32  17.74826646854121 18.790442399925773 2.928050030878218 C 32
33  16.67363425535191 19.3810785896818 3.638050030878219 C 33
34  16.67363425535191 19.3810785896818 5.058050030878217 C 34
35  15.482281622205548 19.673569380185366 5.768050030878218 C 35
36  15.482281622205548 19.673569380185366 2.928050030878218 C 36
37  14.256304730980505 19.64775921831388 3.638050030878219 C 37
38  14.256304730980505 19.64775921831388 5.058050030878217 C 38
39  13.07831769055849 19.30538735668978 5.768050030878218 C 39
40  13.07831769055849 19.30538735668978 2.928050030878218 C 40
41  12.029495639240675 18.670046655220766 3.638050030878219 C 41
42  12.029495639240675 18.670046655220766 5.058050030878217 C 42
43  11.180514867718413 17.784550405302316 5.768050030878218 C 43
44  11.180514867718413 17.784550405302316 2.928050030878218 C 44
45  10.589878677962385 16.709918192113015 3.638050030878219 C 45
46  10.589878677962385 16.709918192113015 5.058050030878217 C 46
47  11.301063145870485 12.065589224362881 7.898472524187938 C 47
48  10.66566799191646 13.114378288286314 7.188472524187938 C 48
49  12.186210259716562 11.2169431914825 7.1884725241879375 C 49
50  13.261266349190702 10.626074032092086 7.898472524187938 C 50
51  14.452149252308075 10.333698565719832 7.1884725241879375 C 51
52  15.678609715981045 10.359518908112047 7.898472524187938 C 52
53  16.856132296199377 10.701755778349035 7.1884725241879375 C 53
54  17.905368043281303 11.337347082631592 7.898472524187938 C 54
55  18.754014076161685 12.222494196477669 7.1884725241879375 C 55
56  19.3448832355521 13.29755028595181 7.898472524187938 C 56
57  19.637258701924356 14.488433189069182 7.1884725241879375 C 57
58  19.61143835953214 15.714893652742154 7.898472524187938 C 58
59  19.26920148929515 16.892416232960485 7.1884725241879375 C 59
60  18.633610185012593 17.941651980042415 7.898472524187938 C 60
61  17.748463071166515 18.790298012922797 7.1884725241879375 C 61
62  16.673406981692374 19.38116717231321 7.898472524187938 C 62
63  15.482524078575002 19.673542638685465 7.1884725241879375 C 63
64  14.256063614902033 19.64772229629325 7.898472524187938 C 64
65  13.078541034683697 19.305485426056258 7.1884725241879375 C 65
66  12.029305287601773 18.6698941217737 7.898472524187938 C 66
67  11.180659254721391 17.784747007927624 7.1884725241879375 C 67
68  10.589790095330976 16.709690918453482 7.898472524187938 C 68
69  10.297414628958723 15.51880801533611 5.768472524187937 C 69
70  10.297414628958723 15.51880801533611 7.1884725241879375 C 70
71  10.665569910954407 13.1146016273196 10.028895017497657 C 71
72  10.323271905889923 14.292106437501932 9.318895017497656 C 72
73  10.323271905889923 14.292106437501932 7.898895017497657 C 73
74  11.30091061242342 12.065779576001782 9.318895017497656 C 74
75  12.186406862341869 11.216798804479524 10.028895017497657 C 75
76  13.26103907553117 10.626162614723494 9.318895017497656 C 76
77  14.45239170867753 10.33367182421993 10.028895017497657 C 77
78  15.678368599902571 10.359481986091414 9.318895017497656 C 78
79  16.856355640324587 10.701853847715512 10.028895017497657 C 79
80  17.9051776916424 11.337194549184527 9.318895017497656 C 80
81  18.754158463164664 12.222690799102976 10.028895017497657 C 81
82  19.34479465292069 13.297323012292276 9.318895017497656 C 82
83  19.637285443424258 14.488675645438637 10.028895017497657 C 83
84  19.611475281552774 15.71465253666368 9.318895017497656 C 84
85  19.269103419928673 16.892639577085696 10.028895017497657 C 85
86  18.633762718459657 17.941461628403513 9.318895017497656 C 86
87  17.74826646854121 18.790442399925773 10.028895017497657 C 87
88  16.67363425535191 19.3810785896818 9.318895017497656 C 88
89  15.482281622205548 19.673569380185366 10.028895017497657 C 89
90  14.256304730980505 19.64775921831388 9.318895017497656 C 90
91  13.07831769055849 19.30538735668978 10.028895017497657 C 91
92  12.029495639240675 18.670046655220766 9.318895017497656 C 92
93  11.180514867718413 17.784550405302316 10.028895017497657 C 93
94  10.589878677962385 16.709918192113015 9.318895017497656 C 94
95  11.301063145870485 12.065589224362881 12.159317510807377 C 95
96  10.66566799191646 13.114378288286314 11.449317510807376 C 96
97  12.186210259716562 11.2169431914825 11.449317510807376 C 97
98  13.261266349190704 10.626074032092085 12.159317510807377 C 98
99  14.452149252308077 10.333698565719832 11.449317510807376 C 99
100  15.678609715981045 10.359518908112047 12.159317510807377 C 100
101  16.85613229619938 10.701755778349035 11.449317510807376 C 101
102  17.905368043281303 11.337347082631592 12.159317510807377 C 102
103  18.754014076161685 12.222494196477669 11.449317510807376 C 103
104  19.3448832355521 13.29755028595181 12.159317510807377 C 104
105  19.637258701924356 14.488433189069182 11.449317510807376 C 105
106  19.61143835953214 15.714893652742154 12.159317510807377 C 106
107  19.26920148929515 16.892416232960485 11.449317510807376 C 107
108  18.633610185012593 17.941651980042415 12.159317510807377 C 108
109  17.748463071166515 18.790298012922797 11.449317510807376 C 109
110  16.673406981692374 19.38116717231321 12.159317510807377 C 110
111  15.482524078575002 19.673542638685465 11.449317510807376 C 111
112  14.256063614902033 19.64772229629325 12.159317510807377 C 112
113  13.078541034683697 19.305485426056258 11.449317510807376 C 113
114  12.029305287601773 18.6698941217737 12.159317510807377 C 114
115  11.180659254721391 17.784747007927624 11.449317510807376 C 115
116  10.589790095330976 16.709690918453482 12.159317510807377 C 116
117  10.297414628958723 15.51880801533611 10.029317510807378 C 117
118  10.297414628958723 15.51880801533611 11.449317510807376 C 118
119  10.665569910954407 13.1146016273196 14.289740004117094 C 119
120  10.323271905889925 14.29210643750193 13.579740004117095 C 120
121  10.323271905889925 14.29210643750193 12.159740004117097 C 121
122  11.30091061242342 12.065779576001782 13.579740004117095 C 122
123  12.186406862341869 11.216798804479524 14.289740004117094 C 123
124  13.261039075531171 10.626162614723494 13.579740004117095 C 124
125  14.452391708677531 10.33367182421993 14.289740004117094 C 125
126  15.678368599902573 10.359481986091414 13.579740004117095 C 126
127  16.856355640324587 10.701853847715512 14.289740004117094 C 127
128  17.9051776916424 11.337194549184527 13.579740004117095 C 128
129  18.754158463164664 12.222690799102976 14.289740004117094 C 129
130  19.34479465292069 13.297323012292276 13.579740004117095 C 130
131  19.637285443424258 14.488675645438637 14.289740004117094 C 131
132  19.611475281552774 15.71465253666368 13.579740004117095 C 132
133  19.269103419928673 16.892639577085696 14.289740004117094 C 133
134  18.633762718459657 17.941461628403513 13.579740004117095 C 134
135  17.74826646854121 18.790442399925773 14.289740004117094 C 135
136  16.67363425535191 19.3810785896818 13.579740004117095 C 136
137  15.482281622205548 19.673569380185366 14.289740004117094 C 137
138  14.256304730980505 19.64775921831388 13.579740004117095 C 138
139  13.07831769055849 19.30538735668978 14.289740004117094 C 139
140  12.029495639240675 18.670046655220766 13.579740004117095 C 140
141  11.180514867718413 17.784550405302316 14.289740004117094 C 141
142  10.589878677962385 16.709918192113015 13.579740004117095 C 142
143  11.301063145870485 12.06558922436288 16.420162497426816 C 143
144  10.66566799191646 13.114378288286314 15.710162497426815 C 144
145  12.186210259716562 11.2169431914825 15.710162497426815 C 145
146  13.261266349190706 10.626074032092085 16.420162497426816 C 146
147  14.452149252308077 10.333698565719832 15.710162497426815 C 147
148  15.678609715981047 10.359518908112047 16.420162497426816 C 148
149  16.85613229619938 10.701755778349035 15.710162497426815 C 149
150  17.905368043281303 11.337347082631592 16.420162497426816 C 150
151  18.754014076161685 12.222494196477669 15.710162497426815 C 151
152  19.3448832355521 13.29755028595181 16.420162497426816 C 152
153  19.637258701924356 14.488433189069182 15.710162497426815 C 153
154  19.61143835953214 15.714893652742154 16.420162497426816 C 154
155  19.26920148929515 16.892416232960485 15.710162497426815 C 155
156  18.633610185012593 17.941651980042415 16.420162497426816 C 156
157  17.748463071166515 18.790298012922797 15.710162497426815 C 157
158  16.673406981692374 19.38116717231321 16.420162497426816 C 158
159  15.482524078575002 19.673542638685465 15.710162497426815 C 159
160  14.256063614902033 19.64772229629325 16.420162497426816 C 160
161  13.078541034683697 19.305485426056258 15.710162497426815 C 161
162  12.029305287601773 18.6698941217737 16.420162497426816 C 162
163  11.180659254721391 17.784747007927624 15.710162497426815 C 163
164  10.589790095330976 16.709690918453482 16.420162497426816 C 164
165  10.297414628958723 15.51880801533611 14.290162497426815 C 165
166  10.297414628958723 15.51880801533611 15.710162497426815 C 166
167  10.665569910954407 13.1146016273196 18.550584990736535 C 167
168  10.323271905889925 14.29210643750193 17.840584990736534 C 168
169  10.323271905889925 14.29210643750193 16.420584990736536 C 169
170  11.30091061242342 12.065779576001782 17.840584990736534 C 170
171  12.186406862341869 11.216798804479524 18.550584990736535 C 171
172  13.261039075531171 10.626162614723494 17.840584990736534 C 172
173  14.452391708677531 10.33367182421993 18.550584990736535 C 173
174  15.678368599902575 10.359481986091414 17.840584990736534 C 174
175  16.856355640324587 10.701853847715512 18.550584990736535 C 175
176  17.9051776916424 11.337194549184527 17.840584990736534 C 176
177  18.754158463164664 12.222690799102976 18.550584990736535 C 177
178  19.34479465292069 13.297323012292276 17.840584990736534 C 178
179  19.637285443424258 14.488675645438637 18.550584990736535 C 179
180  19.611475281552774 15.71465253666368 17.840584990736534 C 180
181  19.269103419928673 16.892639577085696 18.550584990736535 C 181
182  18.633762718459657 17.941461628403513 17.840584990736534 C 182
183  17.74826646854121 18.790442399925773 18.550584990736535 C 183
184  16.67363425535191 19.3810785896818 17.840584990736534 C 184
185  15.482281622205548 19.673569380185366 18.550584990736535 C 185
186  14.256304730980505 19.64775921831388 17.840584990736534 C 186
187  13.07831769055849 19.30538735668978 18.550584990736535 C 187
188  12.029495639240675 18.670046655220766 17.840584990736534 C 188
189  11.180514867718413 17.784550405302316 18.550584990736535 C 189
190  10.589878677962385 16.709918192113015 17.840584990736534 C 190
191  11.301063145870485 12.06558922436288 20.681007484046255 C 191
192  10.66566799191646 13.114378288286314 19.971007484046254 C 192
193  12.186210259716562 11.2169431914825 19.971007484046254 C 193
194  13.261266349190706 10.626074032092085 20.681007484046255 C 194
195  14.452149252308077 10.33369856571983 19.971007484046254 C 195
196  15.678609715981047 10.359518908112047 20.681007484046255 C 196
197  16.85613229619938 10.701755778349037 19.971007484046254 C 197
198  17.905368043281303 11.337347082631592 20.681007484046255 C 198
199  18.754014076161685 12.222494196477669 19.971007484046254 C 199
200  19.3448832355521 13.29755028595181 20.681007484046255 C 200
201  19.637258701924356 14.488433189069182 19.971007484046254 C 201
202  19.61143835953214 15.714893652742154 20.681007484046255 C 202
203  19.26920148929515 16.892416232960485 19.971007484046254 C 203
204  18.633610185012593 17.941651980042415 20.681007484046255 C 204
205  17.748463071166515 18.790298012922797 19.971007484046254 C 205
206  16.673406981692374 19.38116717231321 20.681007484046255 C 206
207  15.482524078575002 19.673542638685465 19.971007484046254 C 207
208  14.256063614902033 19.64772229629325 20.681007484046255 C 208
209  13.078541034683697 19.305485426056258 19.971007484046254 C 209
210  12.029305287601773 18.6698941217737 20.681007484046255 C 210
211  11.180659254721391 17.784747007927624 19.971007484046254 C 211
212  10.589790095330976 16.709690918453482 20.681007484046255 C 212
213  10.297414628958723 15.51880801533611 18.551007484046256 C 213
214  10.297414628958723 15.51880801533611 19.971007484046254 C 214
215  10.665569910954407 13.114601627319598 22.811429977355974 C 215
216  10.323271905889925 14.29210643750193 22.101429977355973 C 216
217  10.323271905889925 14.29210643750193 20.681429977355975 C 217
218  11.30091061242342 12.065779576001782 22.101429977355973 C 218
219  12.186406862341869 11.216798804479524 22.811429977355974 C 219
220  13.261039075531171 10.626162614723494 22.101429977355973 C 220
221  14.452391708677531 10.33367182421993 22.811429977355974 C 221
222  15.678368599902575 10.359481986091414 22.101429977355973 C 222
223  16.856355640324587 10.701853847715512 22.811429977355974 C 223
224  17.9051776916424 11.337194549184527 22.101429977355973 C 224
225  18.754158463164664 12.222690799102976 22.811429977355974 C 225
226  19.34479465292069 13.297323012292276 22.101429977355973 C 226
227  19.637285443424258 14.488675645438637 22.811429977355974 C 227
228  19.611475281552774 15.71465253666368 22.101429977355973 C 228
229  19.269103419928673 16.892639577085696 22.811429977355974 C 229
230  18.633762718459657 17.941461628403513 22.101429977355973 C 230
231  17.74826646854121 18.790442399925773 22.811429977355974 C 231
232  16.67363425535191 19.3810785896818 22.101429977355973 C 232
233  15.482281622205548 19.673569380185366 22.811429977355974 C 233
234  14.256304730980505 19.64775921831388 22.101429977355973 C 234
235  13.07831769055849 19.30538735668978 22.811429977355974 C 235
236  12.029495639240675 18.670046655220766 22.101429977355973 C 236
237  11.180514867718413 17.784550405302316 22.811429977355974 C 237
238  10.589878677962385 16.709918192113015 22.101429977355973 C 238
239  11.301063145870485 12.06558922436288 24.941852470665694 C 239
240  10.66566799191646 13.114378288286314 24.231852470665693 C 240
241  12.186210259716564 11.2169431914825 24.231852470665693 C 241
242  13.261266349190706 10.626074032092085 24.941852470665694 C 242
243  14.452149252308079 10.33369856571983 24.231852470665693 C 243
244  15.678609715981048 10.359518908112047 24.941852470665694 C 244
245  16.856132296199384 10.701755778349039 24.231852470665693 C 245
246  17.905368043281303 11.337347082631592 24.941852470665694 C 246
247  18.754014076161685 12.222494196477669 24.231852470665693 C 247
248  19.3448832355521 13.29755028595181 24.941852470665694 C 248
249  19.637258701924356 14.488433189069182 24.231852470665693 C 249
250  19.61143835953214 15.714893652742154 24.941852470665694 C 250
251  19.26920148929515 16.892416232960485 24.231852470665693 C 251
252  18.633610185012593 17.941651980042415 24.941852470665694 C 252
253  17.748463071166515 18.790298012922797 24.231852470665693 C 253
254  16.673406981692374 19.38116717231321 24.941852470665694 C 254
255  15.482524078575002 19.673542638685465 24.231852470665693 C 255
256  14.256063614902033 19.64772229629325 24.941852470665694 C 256
257  13.078541034683697 19.305485426056258 24.231852470665693 C 257
258  12.029305287601773 18.6698941217737 24.941852470665694 C 258
259  11.180659254721391 17.784747007927624 24.231852470665693 C 259
260  10.589790095330976 16.709690918453482 24.941852470665694 C 260
261  10.297414628958723 15.51880801533611 22.811852470665695 C 261
262  10.297414628958723 15.51880801533611 24.231852470665693 C 262
263  10.665569910954407 13.114601627319598 27.07227496397541 C 263
264  10.323271905889925 14.292106437501928 26.36227496397541 C 264
265  10.323271905889925 14.292106437501928 24.942274963975414 C 265
266  11.300910612423422 12.06577957600178 26.36227496397541 C 266
267  12.18640686234187 11.216798804479522 27.07227496397541 C 267
268  13.261039075531173 10.626162614723494 26.36227496397541 C 268
269  14.452391708677533 10.33367182421993 27.07227496397541 C 269
270  15.678368599902576 10.359481986091414 26.36227496397541 C 270
271  16.856355640324587 10.701853847715512 27.07227496397541 C 271
272  17.9051776916424 11.337194549184527 26.36227496397541 C 272
273  18.754158463164664 12.222690799102976 27.07227496397541 C 273
274  19.34479465292069 13.297323012292276 26.36227496397541 C 274
275  19.637285443424258 14.488675645438637 27.07227496397541 C 275
276  19.611475281552774 15.71465253666368 26.36227496397541 C 276
277  19.269103419928673 16.892639577085696 27.07227496397541 C 277
278  18.633762718459657 17.941461628403513 26.36227496397541 C 278
279  17.74826646854121 18.790442399925773 27.07227496397541 C 279
280  16.67363425535191 19.3810785896818 26.36227496397541 C 280
281  15.482281622205548 19.673569380185366 27.07227496397541 C 281
282  14.256304730980505 19.64775921831388 26.36227496397541 C 282
283  13.07831769055849 19.30538735668978 27.07227496397541 C 283
284  12.029495639240675 18.670046655220766 26.36227496397541 C 284
285  11.180514867718413 17.784550405302316 27.07227496397541 C 285
286  10.589878677962385 16.709918192113015 26.36227496397541 C 286
