0.0 0.0 0.0 0.0 0.0
0.5 0.0362658 0.037127 0.0368852 0.110278
1.0 0.0701022 0.0698282 0.0705586 0.210489
1.5 0.101376 0.105105 0.103346 0.309827
2.0 0.134111 0.140349 0.135816 0.410276
2.5 0.166911 0.172094 0.173248 0.512253
3.0 0.203356 0.202062 0.20901 0.614428
3.5 0.238369 0.236253 0.243247 0.717869
4.0 0.267633 0.268756 0.271632 0.808022
4.5 0.299783 0.299384 0.300733 0.8999
5.0 0.336649 0.333637 0.334645 1.00493
5.5 0.366511 0.367355 0.368988 1.10285
6.0 0.401716 0.402096 0.407019 1.21083
6.5 0.43373 0.43452 0.445754 1.31401
7.0 0.470223 0.471501 0.480575 1.4223
7.5 0.501008 0.509486 0.513354 1.52385
8.0 0.530735 0.54137 0.541222 1.61333
8.5 0.560379 0.574862 0.568507 1.70375
9.0 0.592259 0.615176 0.596728 1.80416
9.5 0.617834 0.650756 0.625525 1.89412
10.0 0.651926 0.678955 0.66219 1.99307
10.5 0.685005 0.71701 0.695814 2.09783
11.0 0.722089 0.747668 0.732126 2.20188
11.5 0.756945 0.771167 0.770642 2.29875
12.0 0.795465 0.80354 0.803549 2.40255
12.5 0.836418 0.827934 0.834788 2.49914
13.0 0.866756 0.852748 0.86778 2.58728
13.5 0.891646 0.88537 0.891859 2.66888
14.0 0.925781 0.920518 0.921955 2.76825
14.5 0.955122 0.962094 0.951724 2.86894
15.0 0.9867 1.00522 0.986962 2.97888
15.5 1.01627 1.03902 1.01771 3.073
16.0 1.05552 1.07449 1.05191 3.18192
16.5 1.08252 1.11105 1.08039 3.27396
17.0 1.11932 1.14252 1.11691 3.37875
17.5 1.15655 1.18016 1.15797 3.49468
18.0 1.19478 1.21353 1.19204 3.60035
18.5 1.22814 1.24947 1.22506 3.70268
19.0 1.26527 1.2792 1.25708 3.80155
19.5 1.3025 1.31798 1.28823 3.90871
20.0 1.33511 1.34847 1.31753 4.0011
20.5 1.38025 1.36407 1.34607 4.09039
21.0 1.41287 1.39056 1.38878 4.19221
21.5 1.43771 1.42089 1.41914 4.27774
22.0 1.46457 1.4572 1.44874 4.37052
22.5 1.50259 1.48968 1.47181 4.46408
23.0 1.54981 1.52206 1.50318 4.57505
23.5 1.57898 1.55416 1.53441 4.66756
24.0 1.61187 1.57801 1.56233 4.75221
24.5 1.64997 1.61585 1.58874 4.85455
25.0 1.67926 1.65692 1.62092 4.9571
25.5 1.70994 1.69065 1.64978 5.05038
26.0 1.74261 1.73038 1.68118 5.15417
26.5 1.78044 1.75769 1.71062 5.24875
27.0 1.80712 1.78638 1.74521 5.33872
27.5 1.84101 1.81848 1.78679 5.44628
28.0 1.86621 1.84649 1.82219 5.53489
28.5 1.89431 1.87807 1.85514 5.62751
29.0 1.93071 1.90308 1.89123 5.72502
29.5 1.9646 1.93692 1.92423 5.82575
30.0 2.00055 1.97579 1.95625 5.93259
30.5 2.02576 2.00943 1.98351 6.01871
31.0 2.05601 2.04455 2.00981 6.11036
31.5 2.09536 2.08241 2.03229 6.21006
32.0 2.14055 2.10948 2.06315 6.31317
32.5 2.1845 2.14869 2.09977 6.43295
33.0 2.2253 2.18251 2.1361 6.54391
33.5 2.25377 2.21023 2.17259 6.63659
34.0 2.28382 2.2352 2.20172 6.72074
34.5 2.31288 2.27298 2.23542 6.82127
35.0 2.3371 2.30421 2.26624 6.90755
35.5 2.36322 2.32575 2.30287 6.99184
36.0 2.39801 2.35837 2.34701 7.10339
36.5 2.42802 2.39771 2.38621 7.21194
37.0 2.45778 2.41746 2.42586 7.30111
37.5 2.48678 2.43613 2.44712 7.37004
38.0 2.52711 2.46527 2.48063 7.47301
38.5 2.56551 2.49731 2.52623 7.58905
39.0 2.58733 2.52071 2.55597 7.66401
39.5 2.6256 2.54782 2.58191 7.75532
40.0 2.67789 2.57602 2.61944 7.87335
40.5 2.70526 2.61887 2.64331 7.96744
41.0 2.74517 2.65289 2.66673 8.06479
41.5 2.7826 2.68801 2.70536 8.17597
42.0 2.83081 2.72218 2.7321 8.28509
42.5 2.86391 2.75672 2.77454 8.39517
43.0 2.90003 2.789 2.8069 8.49593
43.5 2.93483 2.81779 2.84784 8.60046
44.0 2.97756 2.84386 2.8945 8.71592
44.5 3.01329 2.87258 2.9278 8.81367
45.0 3.05946 2.90898 2.96643 8.93488
45.5 3.09969 2.93717 2.98943 9.02629
46.0 3.13304 2.97457 3.03406 9.14168
46.5 3.15902 3.01082 3.08725 9.25708
47.0 3.18232 3.03954 3.11687 9.33873
47.5 3.20944 3.09283 3.14928 9.45155
48.0 3.23984 3.12347 3.18861 9.55192
48.5 3.26598 3.15679 3.22804 9.65081
49.0 3.31687 3.18152 3.27349 9.77187
49.5 3.34866 3.22269 3.30346 9.87481
50.0 3.37718 3.25022 3.33923 9.96662
50.5 3.40872 3.28369 3.37334 10.0657
51.0 3.43195 3.3117 3.40743 10.1511
51.5 3.46596 3.34723 3.43915 10.2523
52.0 3.50928 3.38073 3.47865 10.3687
52.5 3.54702 3.41892 3.50828 10.4742
53.0 3.58783 3.44325 3.54518 10.5763
53.5 3.61723 3.47851 3.58263 10.6784
54.0 3.64996 3.51405 3.62771 10.7917
54.5 3.68867 3.54991 3.66067 10.8993
55.0 3.71895 3.58969 3.69308 11.0017
55.5 3.73872 3.60512 3.72518 11.069
56.0 3.77337 3.64618 3.77056 11.1901
56.5 3.79525 3.67619 3.81222 11.2837
57.0 3.82065 3.71756 3.8463 11.3845
57.5 3.86545 3.74339 3.8848 11.4936
58.0 3.89542 3.77361 3.91324 11.5823
58.5 3.92222 3.80469 3.9595 11.6864
59.0 3.96543 3.82417 3.99814 11.7877
59.5 3.98485 3.8583 4.03095 11.8741
60.0 4.01647 3.89945 4.0591 11.975
60.5 4.03416 3.95289 4.09248 12.0795
61.0 4.05571 4.00054 4.11457 12.1708
61.5 4.09009 4.03505 4.14783 12.273
62.0 4.118 4.07391 4.18587 12.3778
62.5 4.16318 4.1033 4.22772 12.4942
63.0 4.19579 4.12703 4.25505 12.5779
63.5 4.22327 4.14847 4.2934 12.6651
64.0 4.26009 4.17432 4.31971 12.7541
64.5 4.29038 4.20801 4.34246 12.8408
65.0 4.32775 4.23255 4.38518 12.9455
65.5 4.36808 4.25885 4.4226 13.0495
66.0 4.4188 4.28548 4.45801 13.1623
66.5 4.43632 4.32569 4.48204 13.2441
67.0 4.47674 4.36248 4.49026 13.3295
67.5 4.51435 4.40332 4.51399 13.4317
68.0 4.55473 4.42885 4.54677 13.5303
68.5 4.5791 4.45468 4.5759 13.6097
69.0 4.60665 4.48323 4.59163 13.6815
69.5 4.65727 4.50909 4.62844 13.7948
70.0 4.70498 4.541 4.66713 13.9131
70.5 4.72126 4.5822 4.68489 13.9883
71.0 4.74905 4.60641 4.71259 14.068
71.5 4.79124 4.62294 4.74323 14.1574
72.0 4.82645 4.65219 4.78196 14.2606
72.5 4.86568 4.6884 4.81522 14.3693
73.0 4.90288 4.72616 4.86126 14.4903
73.5 4.92361 4.76234 4.90308 14.589
74.0 4.97225 4.80325 4.93002 14.7055
74.5 4.99574 4.83407 4.9474 14.7772
75.0 5.03498 4.86624 4.98885 14.8901
75.5 5.06897 4.90415 5.02753 15.0007
76.0 5.10579 4.95091 5.0682 15.1249
76.5 5.1537 5.00909 5.10121 15.264
77.0 5.20278 5.04443 5.13611 15.3833
77.5 5.2304 5.08161 5.16574 15.4777
78.0 5.25477 5.10305 5.21053 15.5684
78.5 5.27791 5.12621 5.26029 15.6644
79.0 5.31702 5.17045 5.29599 15.7835
79.5 5.34434 5.20982 5.31682 15.871
80.0 5.38096 5.25222 5.33846 15.9716
80.5 5.41328 5.30758 5.37048 16.0913
81.0 5.42515 5.34955 5.38459 16.1593
81.5 5.44925 5.40614 5.40203 16.2574
82.0 5.47247 5.44456 5.43735 16.3544
82.5 5.51102 5.4796 5.46019 16.4508
83.0 5.54786 5.54085 5.46971 16.5584
83.5 5.58162 5.57708 5.49112 16.6498
84.0 5.62938 5.60774 5.52491 16.762
84.5 5.65197 5.64853 5.54803 16.8485
85.0 5.68663 5.67216 5.58782 16.9466
85.5 5.73966 5.72324 5.61647 17.0794
86.0 5.76394 5.76186 5.6377 17.1635
86.5 5.81906 5.80765 5.67846 17.3052
87.0 5.85859 5.83575 5.70149 17.3958
87.5 5.87713 5.85161 5.74087 17.4696
88.0 5.92594 5.88725 5.77643 17.5896
88.5 5.96503 5.90924 5.81071 17.685
89.0 5.97869 5.96072 5.85129 17.7907
89.5 6.0133 5.99057 5.87639 17.8803
90.0 6.04049 6.02359 5.90464 17.9687
90.5 6.07909 6.05983 5.92838 18.0673
91.0 6.11759 6.08486 5.97756 18.18
91.5 6.16341 6.11883 6.01603 18.2983
92.0 6.19677 6.16041 6.04051 18.3977
92.5 6.24665 6.20552 6.07661 18.5288
93.0 6.29019 6.23271 6.10902 18.6319
93.5 6.31993 6.26767 6.11914 18.7067
94.0 6.34461 6.28692 6.1553 18.7868
94.5 6.36739 6.31901 6.19474 18.8811
95.0 6.40803 6.34733 6.24309 18.9985
95.5 6.44082 6.37739 6.27731 19.0955
96.0 6.47556 6.41456 6.29774 19.1879
96.5 6.49644 6.46873 6.32923 19.2944
97.0 6.52747 6.5057 6.3588 19.392
97.5 6.56723 6.54269 6.40267 19.5126
98.0 6.62862 6.56887 6.45699 19.6545
98.5 6.66175 6.59614 6.49829 19.7562
99.0 6.72061 6.63065 6.53485 19.8861
99.5 6.77471 6.65482 6.57755 20.0071
100.0 6.82117 6.70243 6.60836 20.132
100.5 6.84328 6.73944 6.64953 20.2322
101.0 6.88248 6.78204 6.6925 20.357
101.5 6.9221 6.82093 6.73006 20.4731
102.0 6.96285 6.83912 6.77501 20.577
102.5 6.97611 6.88122 6.81012 20.6674
103.0 7.0382 6.89502 6.8448 20.778
103.5 7.07445 6.92661 6.88851 20.8896
104.0 7.12203 6.94178 6.93449 20.9983
104.5 7.14151 6.96917 6.98547 21.0962
105.0 7.17217 6.99735 7.02825 21.1978
105.5 7.20224 7.01171 7.07267 21.2866
106.0 7.23149 7.06626 7.09926 21.397
106.5 7.26512 7.09308 7.14049 21.4987
107.0 7.28612 7.12451 7.18762 21.5983
107.5 7.31361 7.15519 7.21005 21.6788
108.0 7.35516 7.19884 7.24048 21.7945
108.5 7.38505 7.22092 7.27115 21.8771
109.0 7.41404 7.25289 7.29456 21.9615
109.5 7.43814 7.28416 7.31808 22.0404
110.0 7.47062 7.31017 7.36288 22.1437
110.5 7.51527 7.3574 7.39419 22.2669
111.0 7.54355 7.38563 7.41561 22.3448
111.5 7.56613 7.40526 7.43907 22.4105
112.0 7.6146 7.452 7.48307 22.5497
112.5 7.63821 7.49065 7.50208 22.6309
113.0 7.68285 7.51623 7.53201 22.7311
113.5 7.72498 7.52959 7.53957 22.7941
114.0 7.75944 7.57079 7.56226 22.8925
114.5 7.75986 7.61171 7.5873 22.9589
115.0 7.8014 7.6558 7.62893 23.0861
115.5 7.84522 7.6954 7.66135 23.202
116.0 7.85981 7.73047 7.67563 23.2659
116.5 7.89931 7.77834 7.69985 23.3775
117.0 7.93342 7.81729 7.75576 23.5065
117.5 7.96753 7.83738 7.7745 23.5794
118.0 7.99278 7.8613 7.79629 23.6504
118.5 8.02623 7.90037 7.82234 23.7489
119.0 8.04547 7.92862 7.86177 23.8359
119.5 8.07416 7.95922 7.8605 23.8939
120.0 8.12653 7.98794 7.88429 23.9987
120.5 8.14214 8.00595 7.92551 24.0736
121.0 8.17849 8.04387 7.97513 24.1975
121.5 8.20944 8.0818 8.00377 24.295
122.0 8.23761 8.09593 8.05029 24.3838
122.5 8.26514 8.13526 8.10161 24.502
123.0 8.32145 8.17756 8.13619 24.6352
123.5 8.36143 8.19646 8.17243 24.7303
124.0 8.3931 8.22872 8.2088 24.8306
124.5 8.40817 8.27426 8.25426 24.9367
125.0 8.4372 8.33587 8.28681 25.0599
125.5 8.46212 8.35929 8.30499 25.1264
126.0 8.47778 8.39897 8.34066 25.2174
126.5 8.50565 8.43548 8.36303 25.3042
127.0 8.51642 8.45217 8.37721 25.3458
127.5 8.56851 8.48718 8.41429 25.47
128.0 8.60867 8.49127 8.43549 25.5354
128.5 8.64513 8.52161 8.4578 25.6245
129.0 8.65866 8.56005 8.50298 25.7217
129.5 8.68995 8.56432 8.55922 25.8135
130.0 8.72473 8.60158 8.58663 25.9129
130.5 8.74449 8.65344 8.61205 26.01
131.0 8.77952 8.70873 8.64789 26.1361
131.5 8.82303 8.75439 8.65625 26.2337
132.0 8.88754 8.78121 8.69227 26.361
132.5 8.91671 8.82327 8.73801 26.478
133.0 8.95063 8.88207 8.7535 26.5862
133.5 8.97283 8.93066 8.77721 26.6807
134.0 8.985 8.98506 8.80572 26.7758
134.5 8.97632 9.04221 8.83173 26.8503
135.0 8.99577 9.07753 8.87075 26.944
135.5 9.01121 9.12211 8.89551 27.0288
136.0 9.05105 9.15438 8.91828 27.1237
136.5 9.11098 9.17859 8.94799 27.2376
137.0 9.17922 9.21272 8.96076 27.3527
137.5 9.21994 9.23848 9.00823 27.4667
138.0 9.23792 9.2902 9.04801 27.5761
138.5 9.28198 9.33131 9.09208 27.7054
139.0 9.29416 9.36925 9.1272 27.7906
139.5 9.32091 9.39062 9.15548 27.867
140.0 9.36579 9.40814 9.20861 27.9825
140.5 9.42032 9.42154 9.24654 28.0884
141.0 9.45809 9.45736 9.2888 28.2042
141.5 9.46764 9.48745 9.30307 28.2582
142.0 9.49237 9.53235 9.32295 28.3477
142.5 9.52921 9.58003 9.3583 28.4675
143.0 9.58069 9.60703 9.3739 28.5616
143.5 9.63868 9.63417 9.3808 28.6537
144.0 9.67876 9.64511 9.39796 28.7218
144.5 9.73353 9.68167 9.42522 28.8404
145.0 9.80765 9.70044 9.47229 28.9804
145.5 9.85739 9.73967 9.4845 29.0816
146.0 9.88457 9.76824 9.52667 29.1795
146.5 9.93733 9.80754 9.56472 29.3096
147.0 9.97717 9.85283 9.59304 29.423
147.5 9.97114 9.91531 9.64025 29.5267
148.0 10.0014 9.95883 9.69812 29.6583
148.5 10.0592 10.0214 9.73834 29.819
149.0 10.0779 10.0729 9.77451 29.9254
149.5 10.1201 10.0973 9.79812 30.0155
150.0 10.1356 10.1108 9.8151 30.0615
150.5 10.1507 10.1384 9.84169 30.1308
151.0 10.174 10.1609 9.86925 30.2041
151.5 10.2193 10.1838 9.90354 30.3066
152.0 10.2588 10.2146 9.93816 30.4116
152.5 10.2852 10.2484 9.9658 30.4994
153.0 10.3201 10.3174 10.0157 30.6532
153.5 10.3797 10.3666 10.0416 30.7879
154.0 10.4084 10.4068 10.091 30.9062
154.5 10.4472 10.4403 10.1215 31.0091
155.0 10.4909 10.4828 10.1476 31.1213
155.5 10.5036 10.4997 10.1811 31.1843
156.0 10.5563 10.5381 10.2246 31.3189
156.5 10.5959 10.5735 10.2709 31.4402
157.0 10.6015 10.6164 10.3159 31.5338
157.5 10.6282 10.6677 10.3671 31.663
158.0 10.6739 10.6887 10.4138 31.7764
158.5 10.7195 10.7134 10.4261 31.8589
159.0 10.7412 10.7141 10.4334 31.8887
159.5 10.7573 10.7301 10.4942 31.9816
160.0 10.8047 10.7637 10.538 32.1064
160.5 10.8258 10.808 10.5725 32.2062
161.0 10.8469 10.8468 10.5839 32.2776
161.5 10.866 10.8789 10.6321 32.377
162.0 10.8959 10.9176 10.6612 32.4748
162.5 10.9192 10.9517 10.7118 32.5828
163.0 10.9269 11.0 10.7527 32.6795
163.5 10.9625 11.0412 10.8017 32.8054
164.0 10.9965 11.0953 10.8462 32.938
164.5 11.0348 11.1191 10.8939 33.0477
165.0 11.0788 11.1504 10.8991 33.1284
165.5 11.1207 11.1872 10.9455 33.2534
166.0 11.1658 11.2368 10.9476 33.3502
166.5 11.1833 11.252 10.969 33.4043
167.0 11.2122 11.2815 11.0046 33.4983
167.5 11.2654 11.3079 11.0236 33.597
168.0 11.3129 11.33 11.0408 33.6837
168.5 11.3367 11.3742 11.0937 33.8046
169.0 11.3867 11.4017 11.1555 33.944
169.5 11.4274 11.4381 11.1658 34.0313
170.0 11.4681 11.4625 11.2051 34.1357
170.5 11.5059 11.4839 11.2482 34.238
171.0 11.5451 11.4851 11.2568 34.2869
171.5 11.5783 11.532 11.2663 34.3766
172.0 11.5972 11.5724 11.3074 34.477
172.5 11.5888 11.5849 11.3362 34.5099
173.0 11.6119 11.606 11.3731 34.591
173.5 11.6309 11.6362 11.4175 34.6846
174.0 11.6549 11.6702 11.4964 34.8215
174.5 11.6808 11.6859 11.5208 34.8875
175.0 11.6885 11.7241 11.5436 34.9562
175.5 11.7119 11.7696 11.5603 35.0418
176.0 11.7383 11.7916 11.5796 35.1095
176.5 11.7466 11.8115 11.6247 35.1828
177.0 11.8187 11.8259 11.6526 35.2971
177.5 11.8509 11.8337 11.673 35.3576
178.0 11.8694 11.8783 11.7267 35.4744
178.5 11.9027 11.9294 11.7598 35.5919
179.0 11.9309 11.9782 11.8105 35.7195
179.5 11.9456 11.9965 11.8329 35.775
180.0 11.9622 12.0236 11.8679 35.8537
180.5 11.9923 12.0689 11.8923 35.9535
181.0 12.0012 12.1165 11.9203 36.038
181.5 12.0042 12.1434 11.9539 36.1015
182.0 12.0411 12.1954 11.9738 36.2104
182.5 12.0939 12.2142 12.0437 36.3517
183.0 12.105 12.2248 12.099 36.4288
183.5 12.1197 12.2164 12.1309 36.4669
184.0 12.122 12.2513 12.1539 36.5271
184.5 12.1584 12.2919 12.2091 36.6593
185.0 12.1876 12.327 12.2346 36.7492
185.5 12.2252 12.3477 12.2779 36.8508
186.0 12.2923 12.397 12.3135 37.0028
186.5 12.3426 12.3947 12.3455 37.0828
187.0 12.3786 12.4529 12.3576 37.1891
187.5 12.3829 12.4966 12.4056 37.2851
188.0 12.4507 12.4957 12.4088 37.3552
188.5 12.5088 12.5306 12.4289 37.4683
189.0 12.5467 12.5555 12.4916 37.5938
189.5 12.5897 12.5806 12.5646 37.7349
190.0 12.6236 12.6037 12.5977 37.8249
190.5 12.6464 12.6436 12.6429 37.933
191.0 12.6817 12.7081 12.6788 38.0685
191.5 12.7074 12.7298 12.73 38.1671
192.0 12.7483 12.7862 12.765 38.2995
192.5 12.7491 12.7995 12.7726 38.3212
193.0 12.7664 12.8377 12.8107 38.4147
193.5 12.7775 12.8774 12.8731 38.528
194.0 12.811 12.9424 12.903 38.6564
194.5 12.8687 12.9909 12.9533 38.8129
195.0 12.9012 13.0108 12.9867 38.8986
195.5 12.9477 13.0368 13.0117 38.9961
196.0 12.9869 13.0678 13.0357 39.0904
196.5 13.0111 13.081 13.0855 39.1776
197.0 13.04 13.0811 13.1246 39.2457
197.5 13.098 13.1343 13.1332 39.3655
198.0 13.1358 13.1928 13.1679 39.4966
198.5 13.2052 13.2491 13.2219 39.6762
199.0 13.2785 13.2822 13.2456 39.8063
199.5 13.2829 13.3104 13.2526 39.8459
200.0 13.3212 13.3195 13.2841 39.9248
