0.0 0.0 0.0 0.0 0.0
0.5 0.108797 0.111381 0.110656 0.330834
1.0 0.210307 0.209485 0.211676 0.631467
1.5 0.304129 0.315315 0.310038 0.929482
2.0 0.402334 0.421046 0.407448 1.23083
2.5 0.500733 0.516283 0.519743 1.53676
3.0 0.610067 0.606187 0.62703 1.84328
3.5 0.715108 0.708759 0.729741 2.15361
4.0 0.8029 0.806267 0.814897 2.42406
4.5 0.89935 0.898151 0.902198 2.6997
5.0 1.00995 1.00091 1.00394 3.01479
5.5 1.09953 1.10206 1.10696 3.30856
6.0 1.20515 1.20629 1.22106 3.63249
6.5 1.30119 1.30356 1.33726 3.94202
7.0 1.41067 1.4145 1.44172 4.2669
7.5 1.50303 1.52846 1.54006 4.57155
8.0 1.5922 1.62411 1.62367 4.83998
8.5 1.68114 1.72459 1.70552 5.11124
9.0 1.77678 1.84553 1.79019 5.41249
9.5 1.8535 1.95227 1.87658 5.68235
10.0 1.95578 2.03687 1.98657 5.97921
10.5 2.05502 2.15103 2.08744 6.29349
11.0 2.16627 2.243 2.19638 6.60565
11.5 2.27084 2.3135 2.31193 6.89626
12.0 2.3864 2.41062 2.41065 7.20766
12.5 2.50925 2.4838 2.50436 7.49742
13.0 2.60027 2.55824 2.60334 7.76185
13.5 2.67494 2.65611 2.67558 8.00663
14.0 2.77734 2.76155 2.76587 8.30476
14.5 2.86537 2.88628 2.85517 8.60682
15.0 2.9601 3.01565 2.96089 8.93664
15.5 3.04882 3.11705 3.05312 9.21899
16.0 3.16655 3.22348 3.15572 9.54576
16.5 3.24755 3.33315 3.24118 9.82187
17.0 3.35797 3.42756 3.35073 10.1363
17.5 3.46964 3.54048 3.47391 10.484
18.0 3.58433 3.6406 3.57611 10.801
18.5 3.68441 3.74842 3.67519 11.108
19.0 3.79582 3.83759 3.77124 11.4046
19.5 3.9075 3.95394 3.86469 11.7261
20.0 4.00532 4.04541 3.95258 12.0033
20.5 4.14076 4.09221 4.03821 12.2712
21.0 4.23861 4.17168 4.16634 12.5766
21.5 4.31314 4.26268 4.25741 12.8332
22.0 4.39371 4.37161 4.34623 13.1116
22.5 4.50776 4.46904 4.41543 13.3922
23.0 4.64942 4.56618 4.50955 13.7252
23.5 4.73694 4.66249 4.60324 14.0027
24.0 4.83561 4.73403 4.68699 14.2566
24.5 4.9499 4.84754 4.76622 14.5637
25.0 5.03777 4.97076 4.86276 14.8713
25.5 5.12983 5.07196 4.94934 15.1511
26.0 5.22784 5.19114 5.04353 15.4625
26.5 5.34132 5.27307 5.13185 15.7462
27.0 5.42135 5.35915 5.23564 16.0161
27.5 5.52302 5.45545 5.36038 16.3388
28.0 5.59863 5.53948 5.46657 16.6047
28.5 5.68292 5.6342 5.56542 16.8825
29.0 5.79212 5.70925 5.6737 17.1751
29.5 5.89379 5.81077 5.77268 17.4772
30.0 6.00165 5.92738 5.86874 17.7978
30.5 6.07729 6.02829 5.95054 18.0561
31.0 6.16802 6.13366 6.02942 18.3311
31.5 6.28607 6.24723 6.09687 18.6302
32.0 6.42164 6.32844 6.18944 18.9395
32.5 6.55349 6.44607 6.2993 19.2989
33.0 6.6759 6.54753 6.40831 19.6317
33.5 6.7613 6.63069 6.51777 19.9098
34.0 6.85146 6.70561 6.60516 20.1622
34.5 6.93863 6.81894 6.70625 20.4638
35.0 7.01131 6.91262 6.79872 20.7227
35.5 7.08966 6.97724 6.90862 20.9755
36.0 7.19404 7.0751 7.04103 21.3102
36.5 7.28407 7.19314 7.15862 21.6358
37.0 7.37335 7.25239 7.27758 21.9033
37.5 7.46035 7.3084 7.34136 22.1101
38.0 7.58134 7.3958 7.44188 22.419
38.5 7.69654 7.49193 7.57869 22.7672
39.0 7.762 7.56212 7.66792 22.992
39.5 7.8768 7.64345 7.74573 23.266
40.0 8.03366 7.72807 7.85833 23.6201
40.5 8.11579 7.8566 7.92993 23.9023
41.0 8.2355 7.95867 8.0002 24.1944
41.5 8.34779 8.06403 8.11608 24.5279
42.0 8.49242 8.16655 8.19629 24.8553
42.5 8.59173 8.27015 8.32362 25.1855
43.0 8.70009 8.36699 8.4207 25.4878
43.5 8.80449 8.45337 8.54352 25.8014
44.0 8.93267 8.53157 8.6835 26.1477
44.5 9.03986 8.61775 8.7834 26.441
45.0 9.17838 8.72695 8.8993 26.8046
45.5 9.29908 8.81151 8.96829 27.0789
46.0 9.39913 8.92372 9.10219 27.425
46.5 9.47705 9.03246 9.26174 27.7712
47.0 9.54697 9.11861 9.35061 28.0162
47.5 9.62833 9.27848 9.44785 28.3547
48.0 9.71952 9.37042 9.56582 28.6558
48.5 9.79794 9.47038 9.68411 28.9524
49.0 9.9506 9.54456 9.82047 29.3156
49.5 10.046 9.66807 9.91038 29.6244
50.0 10.1315 9.75065 10.0177 29.8999
50.5 10.2261 9.85106 10.12 30.1972
51.0 10.2958 9.93509 10.2223 30.4532
51.5 10.3979 10.0417 10.3175 30.757
52.0 10.5278 10.1422 10.4359 31.106
52.5 10.6411 10.2568 10.5248 31.4227
53.0 10.7635 10.3297 10.6355 31.7288
53.5 10.8517 10.4355 10.7479 32.0351
54.0 10.9499 10.5422 10.8831 32.3752
54.5 11.066 10.6497 10.982 32.6978
55.0 11.1569 10.7691 11.0792 33.0052
55.5 11.2162 10.8154 11.1755 33.2071
56.0 11.3201 10.9385 11.3117 33.5703
56.5 11.3857 11.0286 11.4367 33.851
57.0 11.462 11.1527 11.5389 34.1535
57.5 11.5963 11.2302 11.6544 34.4809
58.0 11.6863 11.3208 11.7397 34.7468
58.5 11.7667 11.4141 11.8785 35.0592
59.0 11.8963 11.4725 11.9944 35.3632
59.5 11.9546 11.5749 12.0929 35.6223
60.0 12.0494 11.6983 12.1773 35.9251
60.5 12.1025 11.8587 12.2774 36.2386
61.0 12.1671 12.0016 12.3437 36.5125
61.5 12.2703 12.1051 12.4435 36.8189
62.0 12.354 12.2217 12.5576 37.1334
62.5 12.4895 12.3099 12.6832 37.4826
63.0 12.5874 12.3811 12.7652 37.7336
63.5 12.6698 12.4454 12.8802 37.9954
64.0 12.7803 12.523 12.9591 38.2624
64.5 12.8711 12.624 13.0274 38.5225
65.0 12.9832 12.6977 13.1555 38.8364
65.5 13.1042 12.7766 13.2678 39.1486
66.0 13.2564 12.8564 13.374 39.4869
66.5 13.309 12.9771 13.4461 39.7322
67.0 13.4302 13.0875 13.4708 39.9884
67.5 13.543 13.21 13.542 40.295
68.0 13.6642 13.2865 13.6403 40.591
68.5 13.7373 13.364 13.7277 40.829
69.0 13.82 13.4497 13.7749 41.0445
69.5 13.9718 13.5273 13.8853 41.3844
70.0 14.1149 13.623 14.0014 41.7394
70.5 14.1638 13.7466 14.0547 41.965
71.0 14.2471 13.8192 14.1378 42.2041
71.5 14.3737 13.8688 14.2297 42.4722
72.0 14.4793 13.9566 14.3459 42.7818
72.5 14.597 14.0652 14.4457 43.1079
73.0 14.7086 14.1785 14.5838 43.4709
73.5 14.7708 14.287 14.7092 43.7671
74.0 14.9167 14.4097 14.7901 44.1166
74.5 14.9872 14.5022 14.8422 44.3316
75.0 15.1049 14.5987 14.9665 44.6702
75.5 15.2069 14.7124 15.0826 45.002
76.0 15.3174 14.8527 15.2046 45.3747
76.5 15.4611 15.0273 15.3036 45.792
77.0 15.6083 15.1333 15.4083 46.15
77.5 15.6912 15.2448 15.4972 46.4332
78.0 15.7643 15.3091 15.6316 46.7051
78.5 15.8337 15.3786 15.7809 46.9932
79.0 15.9511 15.5114 15.888 47.3504
79.5 16.033 15.6295 15.9505 47.613
80.0 16.1429 15.7567 16.0154 47.9149
80.5 16.2398 15.9227 16.1114 48.274
81.0 16.2754 16.0487 16.1538 48.4779
81.5 16.3478 16.2184 16.2061 48.7723
82.0 16.4174 16.3337 16.312 49.0631
82.5 16.5331 16.4388 16.3806 49.3524
83.0 16.6436 16.6225 16.4091 49.6753
83.5 16.7449 16.7312 16.4734 49.9495
84.0 16.8881 16.8232 16.5747 50.2861
84.5 16.9559 16.9456 16.6441 50.5456
85.0 17.0599 17.0165 16.7635 50.8398
85.5 17.219 17.1697 16.8494 51.2381
86.0 17.2918 17.2856 16.9131 51.4905
86.5 17.4572 17.423 17.0354 51.9155
87.0 17.5758 17.5073 17.1045 52.1875
87.5 17.6314 17.5548 17.2226 52.4088
88.0 17.7778 17.6618 17.3293 52.7689
88.5 17.8951 17.7277 17.4321 53.055
89.0 17.9361 17.8822 17.5539 53.3721
89.5 18.0399 17.9717 17.6292 53.6408
90.0 18.1215 18.0708 17.7139 53.9061
90.5 18.2373 18.1795 17.7851 54.2019
91.0 18.3528 18.2546 17.9327 54.54
91.5 18.4902 18.3565 18.0481 54.8948
92.0 18.5903 18.4812 18.1215 55.1931
92.5 18.7399 18.6166 18.2298 55.5863
93.0 18.8706 18.6981 18.3271 55.8957
93.5 18.9598 18.803 18.3574 56.1202
94.0 19.0338 18.8608 18.4659 56.3605
94.5 19.1022 18.957 18.5842 56.6434
95.0 19.2241 19.042 18.7293 56.9954
95.5 19.3225 19.1322 18.8319 57.2866
96.0 19.4267 19.2437 18.8932 57.5636
96.5 19.4893 19.4062 18.9877 57.8832
97.0 19.5824 19.5171 19.0764 58.1759
97.5 19.7017 19.6281 19.208 58.5377
98.0 19.8859 19.7066 19.371 58.9634
98.5 19.9853 19.7884 19.4949 59.2685
99.0 20.1618 19.8919 19.6046 59.6583
99.5 20.3241 19.9645 19.7326 60.0212
100.0 20.4635 20.1073 19.8251 60.3959
100.5 20.5298 20.2183 19.9486 60.6967
101.0 20.6474 20.3461 20.0775 61.0711
101.5 20.7663 20.4628 20.1902 61.4193
102.0 20.8885 20.5174 20.325 61.7309
102.5 20.9283 20.6437 20.4303 62.0023
103.0 21.1146 20.6851 20.5344 62.3341
103.5 21.2234 20.7798 20.6655 62.6687
104.0 21.3661 20.8253 20.8035 62.9949
104.5 21.4245 20.9075 20.9564 63.2885
105.0 21.5165 20.9921 21.0847 63.5933
105.5 21.6067 21.0351 21.218 63.8599
106.0 21.6945 21.1988 21.2978 64.191
106.5 21.7954 21.2792 21.4215 64.4961
107.0 21.8584 21.3735 21.5629 64.7948
107.5 21.9408 21.4656 21.6301 65.0365
108.0 22.0655 21.5965 21.7214 65.3835
108.5 22.1551 21.6627 21.8134 65.6313
109.0 22.2421 21.7587 21.8837 65.8845
109.5 22.3144 21.8525 21.9542 66.1212
110.0 22.4118 21.9305 22.0886 66.431
110.5 22.5458 22.0722 22.1826 66.8006
111.0 22.6307 22.1569 22.2468 67.0344
111.5 22.6984 22.2158 22.3172 67.2314
112.0 22.8438 22.356 22.4492 67.649
112.5 22.9146 22.4719 22.5062 67.8928
113.0 23.0485 22.5487 22.596 68.1932
113.5 23.175 22.5888 22.6187 68.3824
114.0 23.2783 22.7124 22.6868 68.6775
114.5 23.2796 22.8351 22.7619 68.8766
115.0 23.4042 22.9674 22.8868 69.2584
115.5 23.5357 23.0862 22.9841 69.6059
116.0 23.5794 23.1914 23.0269 69.7978
116.5 23.6979 23.335 23.0995 70.1325
117.0 23.8003 23.4519 23.2673 70.5194
117.5 23.9026 23.5121 23.3235 70.7382
118.0 23.9783 23.5839 23.3889 70.9511
118.5 24.0787 23.7011 23.467 71.2468
119.0 24.1364 23.7859 23.5853 71.5076
119.5 24.2225 23.8777 23.5815 71.6816
120.0 24.3796 23.9638 23.6529 71.9962
120.5 24.4264 24.0178 23.7765 72.2208
121.0 24.5355 24.1316 23.9254 72.5925
121.5 24.6283 24.2454 24.0113 72.885
122.0 24.7128 24.2878 24.1509 73.1515
122.5 24.7954 24.4058 24.3048 73.506
123.0 24.9643 24.5327 24.4086 73.9056
123.5 25.0843 24.5894 24.5173 74.191
124.0 25.1793 24.6862 24.6264 74.4919
124.5 25.2245 24.8228 24.7628 74.8101
125.0 25.3116 25.0076 24.8604 75.1796
125.5 25.3864 25.0779 24.915 75.3792
126.0 25.4333 25.1969 25.022 75.6523
126.5 25.5169 25.3064 25.0891 75.9125
127.0 25.5493 25.3565 25.1316 76.0374
127.5 25.7055 25.4615 25.2429 76.4099
128.0 25.826 25.4738 25.3065 76.6063
128.5 25.9354 25.5648 25.3734 76.8736
129.0 25.976 25.6801 25.5089 77.1651
129.5 26.0698 25.693 25.6777 77.4405
130.0 26.1742 25.8047 25.7599 77.7388
130.5 26.2335 25.9603 25.8361 78.0299
131.0 26.3386 26.1262 25.9437 78.4084
131.5 26.4691 26.2632 25.9688 78.701
132.0 26.6626 26.3436 26.0768 79.083
132.5 26.7501 26.4698 26.214 79.434
133.0 26.8519 26.6462 26.2605 79.7586
133.5 26.9185 26.792 26.3316 80.0421
134.0 26.955 26.9552 26.4172 80.3273
134.5 26.9289 27.1266 26.4952 80.5508
135.0 26.9873 27.2326 26.6123 80.8321
135.5 27.0336 27.3663 26.6865 81.0865
136.0 27.1532 27.4631 26.7548 81.3711
136.5 27.3329 27.5358 26.844 81.7127
137.0 27.5377 27.6382 26.8823 82.0581
137.5 27.6598 27.7154 27.0247 82.4
138.0 27.7138 27.8706 27.144 82.7284
138.5 27.8459 27.9939 27.2762 83.1161
139.0 27.8825 28.1078 27.3816 83.3718
139.5 27.9627 28.1719 27.4664 83.601
140.0 28.0974 28.2244 27.6258 83.9476
140.5 28.261 28.2646 27.7396 84.2652
141.0 28.3743 28.3721 27.8664 84.6127
141.5 28.4029 28.4623 27.9092 84.7745
142.0 28.4771 28.5971 27.9689 85.043
142.5 28.5876 28.7401 28.0749 85.4026
143.0 28.7421 28.8211 28.1217 85.6848
143.5 28.916 28.9025 28.1424 85.961
144.0 29.0363 28.9353 28.1939 86.1655
144.5 29.2006 29.045 28.2757 86.5213
145.0 29.423 29.1013 28.4169 86.9412
145.5 29.5722 29.219 28.4535 87.2447
146.0 29.6537 29.3047 28.58 87.5384
146.5 29.812 29.4226 28.6941 87.9288
147.0 29.9315 29.5585 28.7791 88.2691
147.5 29.9134 29.7459 28.9207 88.5801
148.0 30.0042 29.8765 29.0943 88.975
148.5 30.1776 30.0643 29.215 89.457
149.0 30.2338 30.2188 29.3235 89.7761
149.5 30.3603 30.2919 29.3944 90.0466
150.0 30.4067 30.3324 29.4453 90.1844
150.5 30.4521 30.4152 29.5251 90.3923
151.0 30.5219 30.4827 29.6078 90.6124
151.5 30.6578 30.5514 29.7106 90.9198
152.0 30.7765 30.6438 29.8145 91.2348
152.5 30.8556 30.7453 29.8974 91.4982
153.0 30.9602 30.9523 30.047 91.9596
153.5 31.139 31.0997 30.1248 92.3636
154.0 31.2253 31.2203 30.273 92.7186
154.5 31.3417 31.3209 30.3646 93.0272
155.0 31.4727 31.4483 30.4429 93.3639
155.5 31.5107 31.499 30.5432 93.5529
156.0 31.6688 31.6142 30.6737 93.9568
156.5 31.7876 31.7205 30.8126 94.3207
157.0 31.8044 31.8492 30.9477 94.6014
157.5 31.8846 32.003 31.1014 94.9891
158.0 32.0218 32.066 31.2415 95.3293
158.5 32.1584 32.1401 31.2782 95.5767
159.0 32.2236 32.1422 31.3002 95.666
159.5 32.2719 32.1903 31.4827 95.9449
160.0 32.4142 32.291 31.614 96.3192
160.5 32.4773 32.4239 31.7175 96.6187
161.0 32.5408 32.5403 31.7517 96.8328
161.5 32.5981 32.6367 31.8963 97.1311
162.0 32.6876 32.7529 31.9837 97.4243
162.5 32.7577 32.8552 32.1355 97.7484
163.0 32.7806 32.9999 32.258 98.0385
163.5 32.8874 33.1236 32.405 98.4161
164.0 32.9896 33.286 32.5385 98.8141
164.5 33.1044 33.3572 32.6816 99.1431
165.0 33.2365 33.4513 32.6974 99.3852
165.5 33.362 33.5617 32.8366 99.7603
166.0 33.4973 33.7103 32.8429 100.051
166.5 33.55 33.7559 32.907 100.213
167.0 33.6366 33.8446 33.0137 100.495
167.5 33.7963 33.9238 33.0708 100.791
168.0 33.9386 33.9901 33.1225 101.051
168.5 34.0102 34.1226 33.2811 101.414
169.0 34.1602 34.2052 33.4666 101.832
169.5 34.2823 34.3144 33.4973 102.094
170.0 34.4043 34.3875 33.6154 102.407
170.5 34.5176 34.4518 33.7445 102.714
171.0 34.6352 34.4553 33.7703 102.861
171.5 34.735 34.5959 33.799 103.13
172.0 34.7917 34.7173 33.9221 103.431
172.5 34.7663 34.7547 34.0087 103.53
173.0 34.8356 34.818 34.1194 103.773
173.5 34.8926 34.9087 34.2524 104.054
174.0 34.9647 35.0107 34.4891 104.464
174.5 35.0425 35.0577 34.5623 104.662
175.0 35.0655 35.1722 34.6307 104.868
175.5 35.1356 35.3088 34.6809 105.125
176.0 35.2148 35.3749 34.7388 105.328
176.5 35.2399 35.4345 34.874 105.548
177.0 35.456 35.4776 34.9579 105.891
177.5 35.5527 35.5012 35.0189 106.073
178.0 35.6082 35.6348 35.1802 106.423
178.5 35.7081 35.7881 35.2794 106.776
179.0 35.7926 35.9346 35.4314 107.159
179.5 35.8368 35.9894 35.4987 107.325
180.0 35.8867 36.0707 35.6036 107.561
180.5 35.977 36.2067 35.6768 107.86
181.0 36.0037 36.3494 35.761 108.114
181.5 36.0125 36.4303 35.8616 108.304
182.0 36.1233 36.5863 35.9215 108.631
182.5 36.2816 36.6425 36.131 109.055
183.0 36.3151 36.6745 36.2969 109.287
183.5 36.3591 36.6491 36.3926 109.401
184.0 36.366 36.7538 36.4616 109.581
184.5 36.4751 36.8757 36.6272 109.978
185.0 36.5628 36.9811 36.7037 110.248
185.5 36.6757 37.043 36.8337 110.552
186.0 36.8769 37.191 36.9404 111.008
186.5 37.0277 37.1842 37.0366 111.249
187.0 37.1357 37.3587 37.0729 111.567
187.5 37.1486 37.4899 37.2168 111.855
188.0 37.3522 37.487 37.2263 112.066
188.5 37.5263 37.5919 37.2868 112.405
189.0 37.6402 37.6664 37.4749 112.781
189.5 37.7691 37.7417 37.6939 113.205
190.0 37.8707 37.811 37.7931 113.475
190.5 37.9393 37.9309 37.9287 113.799
191.0 38.045 38.1243 38.0364 114.206
191.5 38.1222 38.1893 38.1899 114.501
192.0 38.2449 38.3587 38.2949 114.898
192.5 38.2472 38.3986 38.3178 114.964
193.0 38.2991 38.513 38.432 115.244
193.5 38.3325 38.6322 38.6194 115.584
194.0 38.4331 38.8273 38.709 115.969
194.5 38.606 38.9728 38.86 116.439
195.0 38.7035 39.0324 38.96 116.696
195.5 38.843 39.1103 39.035 116.988
196.0 38.9608 39.2033 39.1071 117.271
196.5 39.0333 39.243 39.2565 117.533
197.0 39.12 39.2434 39.3738 117.737
197.5 39.2941 39.4028 39.3996 118.096
198.0 39.4075 39.5785 39.5038 118.49
198.5 39.6157 39.7473 39.6656 119.029
199.0 39.8355 39.8467 39.7368 119.419
199.5 39.8487 39.9312 39.7579 119.538
200.0 39.9636 39.9585 39.8523 119.774
