0.0 0.0 0.0 0.0 0.0
0.5 0.0802859 0.0815808 0.0814239 0.243291
1.0 0.18177 0.179545 0.181264 0.542579
1.5 0.274871 0.283433 0.279236 0.83754
2.0 0.372657 0.388225 0.375698 1.13658
2.5 0.470369 0.483132 0.487539 1.44104
3.0 0.579271 0.573881 0.594646 1.7478
3.5 0.685492 0.676325 0.697128 2.05894
4.0 0.77479 0.773181 0.783027 2.331
4.5 0.871284 0.864997 0.870952 2.60723
5.0 0.982102 0.967416 0.972904 2.92242
5.5 1.07137 1.06896 1.07567 3.21599
6.0 1.1766 1.17523 1.19002 3.54185
6.5 1.27196 1.27103 1.30561 3.84861
7.0 1.38142 1.38008 1.40959 4.17109
7.5 1.47449 1.49366 1.50788 4.47603
8.0 1.56548 1.58995 1.59288 4.74831
8.5 1.65415 1.69148 1.67405 5.01968
9.0 1.74846 1.81388 1.75881 5.32115
9.5 1.82648 1.91933 1.84556 5.59137
10.0 1.9275 2.00281 1.95511 5.88542
10.5 2.02801 2.11606 2.05776 6.20183
11.0 2.13857 2.20876 2.16805 6.51538
11.5 2.24295 2.27831 2.28346 6.80472
12.0 2.35795 2.37298 2.3814 7.11233
12.5 2.48071 2.44706 2.4738 7.40158
13.0 2.57186 2.52246 2.57334 7.66765
13.5 2.6466 2.62156 2.6444 7.91256
14.0 2.74757 2.72648 2.73546 8.20952
14.5 2.8357 2.8515 2.82429 8.51149
15.0 2.9307 2.98275 2.92963 8.84308
15.5 3.01864 3.08506 3.02197 9.12567
16.0 3.13429 3.1932 3.12467 9.45216
16.5 3.21577 3.30221 3.21169 9.72967
17.0 3.32689 3.39589 3.32206 10.0448
17.5 3.43969 3.50663 3.44427 10.3906
18.0 3.55324 3.60671 3.54772 10.7077
18.5 3.65432 3.71469 3.64658 11.0156
19.0 3.7665 3.80412 3.74219 11.3128
19.5 3.87835 3.92009 3.83504 11.6335
20.0 3.97463 4.00978 3.92304 11.9075
20.5 4.11051 4.0573 4.01031 12.1781
21.0 4.20825 4.13635 4.13801 12.4826
21.5 4.28327 4.22682 4.22815 12.7382
22.0 4.36512 4.33603 4.31599 13.0171
22.5 4.47837 4.43338 4.38426 13.296
23.0 4.62056 4.53114 4.47701 13.6287
23.5 4.7081 4.62685 4.57065 13.9056
24.0 4.80787 4.69863 4.65387 14.1604
24.5 4.92202 4.81208 4.73277 14.4669
25.0 5.00972 4.93556 4.82879 14.7741
25.5 5.10087 5.03562 4.9151 15.0516
26.0 5.20063 5.15343 5.00958 15.3636
26.5 5.31433 5.23544 5.09737 15.6471
27.0 5.39526 5.32116 5.20049 15.9169
27.5 5.49698 5.41713 5.32471 16.2388
28.0 5.57332 5.50146 5.43117 16.5059
28.5 5.65761 5.59601 5.53016 16.7838
29.0 5.76761 5.67221 5.63909 17.0789
29.5 5.87003 5.77463 5.73837 17.383
30.0 5.97761 5.89233 5.83363 17.7036
30.5 6.05451 5.9941 5.91451 17.9631
31.0 6.14636 6.09924 5.99431 18.2399
31.5 6.26468 6.21349 6.06202 18.5402
32.0 6.39815 6.29649 6.15432 18.849
32.5 6.52886 6.41367 6.26317 19.2057
33.0 6.65139 6.5172 6.37218 19.5408
33.5 6.73619 6.59988 6.4824 19.8185
34.0 6.82589 6.67348 6.57077 20.0701
34.5 6.91246 6.78677 6.6718 20.371
35.0 6.98523 6.88137 6.76465 20.6312
35.5 7.06359 6.94565 6.87374 20.883
36.0 7.16709 7.04396 7.00617 21.2172
36.5 7.25783 7.16127 7.12358 21.5427
37.0 7.34633 7.22105 7.24195 21.8093
37.5 7.43352 7.27716 7.30586 22.0165
38.0 7.55334 7.36609 7.4067 22.3261
38.5 7.66819 7.46272 7.54293 22.6738
39.0 7.73335 7.53369 7.63243 22.8995
39.5 7.84618 7.6146 7.70944 23.1702
40.0 8.00379 7.69956 7.82036 23.5237
40.5 8.08533 7.82774 7.89044 23.8035
41.0 8.20583 7.92938 7.96049 24.0957
41.5 8.31816 8.03477 8.07508 24.428
42.0 8.46241 8.1386 8.15513 24.7561
42.5 8.56113 8.24335 8.28193 25.0864
43.0 8.66998 8.34049 8.37953 25.39
43.5 8.77341 8.42619 8.50207 25.7017
44.0 8.90021 8.50394 8.64204 26.0462
44.5 9.00642 8.59007 8.74188 26.3384
45.0 9.14597 8.69914 8.85817 26.7033
45.5 9.26781 8.78431 8.9266 26.9787
46.0 9.36856 8.89628 9.05946 27.3243
46.5 9.44697 9.00536 9.21839 27.6707
47.0 9.51716 9.0906 9.30748 27.9152
47.5 9.59822 9.25 9.40589 28.2541
48.0 9.68981 9.34197 9.52392 28.5557
48.5 9.76868 9.442 9.64241 28.8531
49.0 9.92048 9.51616 9.77866 29.2153
49.5 10.0159 9.64051 9.86786 29.5243
50.0 10.1013 9.72248 9.9749 29.7987
50.5 10.196 9.82234 10.0772 30.0955
51.0 10.266 9.90641 10.1789 30.3512
51.5 10.3682 10.0129 10.2743 30.6554
52.0 10.5001 10.1134 10.3923 31.0058
52.5 10.6125 10.2274 10.4808 31.3207
53.0 10.7364 10.3011 10.59 31.6275
53.5 10.8248 10.4069 10.7043 31.9361
54.0 10.9243 10.5152 10.8405 32.2799
54.5 11.0396 10.6211 10.9387 32.5993
55.0 11.1296 10.7393 11.0363 32.9053
55.5 11.1897 10.7858 11.1329 33.1084
56.0 11.2937 10.9078 11.2689 33.4705
56.5 11.3593 10.9979 11.3927 33.7499
57.0 11.4355 11.1219 11.4956 34.0531
57.5 11.57 11.2006 11.6112 34.3818
58.0 11.6596 11.2916 11.696 34.6473
58.5 11.7402 11.3841 11.8339 34.9582
59.0 11.8699 11.4429 11.9505 35.2632
59.5 11.9283 11.544 12.0504 35.5226
60.0 12.0222 11.6677 12.1358 35.8257
60.5 12.0756 11.8276 12.235 36.1382
61.0 12.1405 11.9696 12.3007 36.4107
61.5 12.2438 12.0735 12.3993 36.7166
62.0 12.3275 12.1905 12.5146 37.0326
62.5 12.4627 12.2782 12.6396 37.3805
63.0 12.5616 12.3494 12.7218 37.6328
63.5 12.644 12.4141 12.8377 37.8958
64.0 12.7548 12.492 12.9172 38.1639
64.5 12.8455 12.5946 12.9847 38.4248
65.0 12.9564 12.6689 13.1122 38.7375
65.5 13.0774 12.7484 13.2245 39.0502
66.0 13.2283 12.8294 13.3319 39.3896
66.5 13.2817 12.9506 13.4042 39.6366
67.0 13.4039 13.0604 13.4291 39.8934
67.5 13.5159 13.1815 13.5004 40.1979
68.0 13.6366 13.2589 13.5987 40.4942
68.5 13.7102 13.3369 13.6861 40.7332
69.0 13.7931 13.4227 13.7351 40.951
69.5 13.9452 13.4983 13.8458 41.2893
70.0 14.0884 13.5939 13.9611 41.6434
70.5 14.1372 13.7173 14.0136 41.868
71.0 14.2208 13.7905 14.097 42.1084
71.5 14.3468 13.8405 14.1896 42.3769
72.0 14.4541 13.929 14.3062 42.6892
72.5 14.5705 14.0371 14.4061 43.0137
73.0 14.6816 14.1495 14.545 43.3761
73.5 14.7431 14.2575 14.6709 43.6715
74.0 14.8884 14.3811 14.7516 44.0212
74.5 14.9589 14.472 14.8037 44.2346
75.0 15.0771 14.5692 14.9279 44.5743
75.5 15.1786 14.6841 15.0447 44.9073
76.0 15.2884 14.8248 15.1687 45.2819
76.5 15.434 14.9969 15.2675 45.6984
77.0 15.5798 15.1034 15.3719 46.0551
77.5 15.6636 15.2154 15.4609 46.3399
78.0 15.7369 15.2803 15.5959 46.6131
78.5 15.8068 15.3503 15.7451 46.9022
79.0 15.9226 15.4843 15.8518 47.2587
79.5 16.0038 15.6025 15.915 47.5213
80.0 16.113 15.7308 15.9786 47.8224
80.5 16.2113 15.8958 16.0753 48.1823
81.0 16.2467 16.0216 16.1178 48.3861
81.5 16.3198 16.1903 16.1701 48.6801
82.0 16.3893 16.3055 16.2761 48.9709
82.5 16.5042 16.4122 16.3445 49.2609
83.0 16.6156 16.5944 16.3746 49.5845
83.5 16.717 16.7031 16.4384 49.8585
84.0 16.86 16.7963 16.5393 50.1956
84.5 16.9262 16.92 16.6099 50.4561
85.0 17.0296 16.9913 16.7299 50.7508
85.5 17.1874 17.1458 16.8167 51.1499
86.0 17.2606 17.262 16.8791 51.4016
86.5 17.4258 17.4 17.0015 51.8273
87.0 17.5431 17.4829 17.0704 52.0964
87.5 17.5994 17.5312 17.1877 52.3182
88.0 17.7453 17.6371 17.2939 52.6762
88.5 17.8606 17.7048 17.3976 52.963
89.0 17.9023 17.8586 17.5194 53.2803
89.5 18.0053 17.9485 17.5952 53.549
90.0 18.0878 18.0478 17.6808 53.8164
90.5 18.2031 18.1572 17.7507 54.111
91.0 18.3177 18.2328 17.9 54.4504
91.5 18.4558 18.3335 18.0152 54.8045
92.0 18.5569 18.4571 18.0879 55.1018
92.5 18.707 18.5919 18.196 55.4949
93.0 18.8377 18.6743 18.2935 55.8054
93.5 18.9265 18.779 18.3224 56.0279
94.0 19.0002 18.8385 18.4301 56.2688
94.5 19.0696 18.9342 18.5482 56.5519
95.0 19.1922 19.0182 18.6919 56.9023
95.5 19.2908 19.1079 18.7949 57.1937
96.0 19.3954 19.2183 18.8564 57.4701
96.5 19.4576 19.3828 18.9501 57.7904
97.0 19.5497 19.4948 19.0389 58.0834
97.5 19.6698 19.6067 19.171 58.4476
98.0 19.8545 19.6865 19.3343 58.8754
98.5 19.9534 19.7689 19.4576 59.1798
99.0 20.1308 19.8717 19.5673 59.5698
99.5 20.2926 19.942 19.6954 59.93
100.0 20.4318 20.084 19.7881 60.3039
100.5 20.4998 20.1952 19.9115 60.6065
101.0 20.6184 20.322 20.0398 60.9802
101.5 20.7377 20.4374 20.1533 61.3284
102.0 20.8592 20.4915 20.2879 61.6387
102.5 20.8991 20.6157 20.392 61.9068
103.0 21.0844 20.6566 20.4966 62.2376
103.5 21.1935 20.7524 20.6271 62.573
104.0 21.3354 20.798 20.7654 62.8989
104.5 21.3929 20.88 20.9186 63.1915
105.0 21.4846 20.9639 21.047 63.4954
105.5 21.5748 21.0077 21.1796 63.7621
106.0 21.6622 21.1714 21.2603 64.0939
106.5 21.7647 21.2528 21.3838 64.4013
107.0 21.8298 21.3468 21.5257 64.7023
107.5 21.9132 21.4387 21.5926 64.9445
108.0 22.0374 21.5711 21.683 65.2916
108.5 22.1277 21.6388 21.7752 65.5416
109.0 22.2156 21.7337 21.8462 65.7955
109.5 22.2884 21.8281 21.9158 66.0324
110.0 22.3863 21.9058 22.05 66.342
110.5 22.5197 22.0485 22.1436 66.7119
111.0 22.6031 22.1332 22.2078 66.9441
111.5 22.6721 22.1917 22.2782 67.142
112.0 22.8177 22.332 22.4097 67.5594
112.5 22.8887 22.4479 22.4667 67.8033
113.0 23.0216 22.5252 22.5551 68.1019
113.5 23.1485 22.5651 22.5769 68.2905
114.0 23.252 22.6878 22.6479 68.5877
114.5 23.2537 22.81 22.7242 68.7879
115.0 23.379 22.9417 22.8511 69.1718
115.5 23.5097 23.0611 22.9509 69.5218
116.0 23.5534 23.1669 22.9951 69.7154
116.5 23.6734 23.3106 23.0679 70.052
117.0 23.7766 23.4263 23.2359 70.4389
117.5 23.879 23.4858 23.2918 70.6566
118.0 23.956 23.5573 23.3561 70.8694
118.5 24.0552 23.6739 23.4344 71.1635
119.0 24.1122 23.7604 23.5528 71.4255
119.5 24.1977 23.8523 23.5479 71.5979
120.0 24.3544 23.9375 23.6196 71.9115
120.5 24.3999 23.989 23.7432 72.1321
121.0 24.5078 24.1021 23.8919 72.5018
121.5 24.6023 24.2164 23.9785 72.7972
122.0 24.6872 24.2587 24.1179 73.0638
122.5 24.7685 24.3759 24.2715 73.4159
123.0 24.937 24.503 24.374 73.814
123.5 25.0566 24.5613 24.4817 74.0995
124.0 25.1527 24.6579 24.5894 74.4
124.5 25.1977 24.7944 24.7254 74.7175
125.0 25.2855 24.9805 24.8235 75.0895
125.5 25.3614 25.0515 24.8781 75.291
126.0 25.4101 25.1713 24.9848 75.5661
126.5 25.4937 25.2803 25.0498 75.8238
127.0 25.526 25.3291 25.091 75.946
127.5 25.6829 25.4349 25.2006 76.3184
128.0 25.8039 25.4474 25.2628 76.514
128.5 25.9146 25.5395 25.3308 76.7849
129.0 25.9555 25.6544 25.4666 77.0766
129.5 26.0489 25.6684 25.6352 77.3525
130.0 26.1532 25.7798 25.7179 77.6509
130.5 26.2116 25.9359 25.794 77.9415
131.0 26.3178 26.1015 25.901 78.3203
131.5 26.4492 26.238 25.9256 78.6127
132.0 26.6433 26.3176 26.0343 78.9953
132.5 26.7308 26.4424 26.1719 79.3451
133.0 26.8318 26.6186 26.2184 79.6688
133.5 26.8983 26.7635 26.2894 79.9512
134.0 26.9349 26.9259 26.3756 80.2363
134.5 26.9086 27.0965 26.4532 80.4583
135.0 26.9657 27.2038 26.57 80.7395
135.5 27.0117 27.3375 26.6444 80.9936
136.0 27.1314 27.4347 26.712 81.2781
136.5 27.3126 27.5078 26.8017 81.6221
137.0 27.5166 27.6103 26.8389 81.9657
137.5 27.6388 27.6896 26.9808 82.3091
138.0 27.6929 27.8438 27.1004 82.637
138.5 27.826 27.966 27.2326 83.0246
139.0 27.8631 28.0791 27.3374 83.2796
139.5 27.9434 28.1423 27.4212 83.5069
140.0 28.0777 28.1946 27.5806 83.853
140.5 28.2418 28.2345 27.6946 84.171
141.0 28.3539 28.342 27.8223 84.5182
141.5 28.3835 28.432 27.8641 84.6795
142.0 28.4573 28.5666 27.9233 84.9472
142.5 28.5682 28.7093 28.0302 85.3077
143.0 28.7223 28.7908 28.0768 85.5899
143.5 28.8951 28.8726 28.0967 85.8644
144.0 29.0136 28.905 28.147 86.0657
144.5 29.1784 29.0147 28.2294 86.4225
145.0 29.4003 29.0712 28.3714 86.8429
145.5 29.5496 29.1898 28.4079 87.1472
146.0 29.6305 29.2755 28.5337 87.4398
146.5 29.788 29.3927 28.648 87.8286
147.0 29.9078 29.5289 28.7328 88.1695
147.5 29.89 29.7179 28.8733 88.4812
148.0 29.9808 29.8484 29.0471 88.8764
148.5 30.1544 30.037 29.1675 89.3589
149.0 30.211 30.1909 29.2755 89.6774
149.5 30.3367 30.2638 29.3459 89.9463
150.0 30.3828 30.3056 29.3974 90.0857
150.5 30.429 30.3872 29.4774 90.2937
151.0 30.4975 30.453 29.5595 90.51
151.5 30.6331 30.5209 29.6619 90.8159
152.0 30.7522 30.6128 29.766 91.131
152.5 30.8319 30.7135 29.8476 91.393
153.0 30.9372 30.9207 29.9971 91.855
153.5 31.1157 31.0685 30.0745 92.2586
154.0 31.2039 31.1899 30.2217 92.6154
154.5 31.3209 31.2905 30.3136 92.9251
155.0 31.4508 31.4171 30.3905 93.2584
155.5 31.4873 31.4683 30.4907 93.4463
156.0 31.6458 31.5835 30.6219 93.8513
156.5 31.7648 31.6903 30.7619 94.217
157.0 31.7818 31.8177 30.8959 94.4954
157.5 31.8613 31.9709 31.0506 94.8827
158.0 31.9983 32.034 31.1913 95.2236
158.5 32.1354 32.108 31.2293 95.4728
159.0 32.2005 32.1112 31.2521 95.5637
159.5 32.2484 32.1576 31.4341 95.8401
160.0 32.3898 32.2581 31.5645 96.2124
160.5 32.4525 32.3917 31.667 96.5112
161.0 32.5167 32.507 31.7018 96.7255
161.5 32.5746 32.6033 31.8467 97.0246
162.0 32.6647 32.7203 31.9325 97.3176
162.5 32.7352 32.823 32.0836 97.6418
163.0 32.7577 32.9683 32.2064 97.9323
163.5 32.8654 33.0922 32.3533 98.311
164.0 32.9689 33.2539 32.4872 98.71
164.5 33.0837 33.3256 32.6303 99.0396
165.0 33.2165 33.4195 32.6454 99.2815
165.5 33.3417 33.5302 32.7851 99.657
166.0 33.4777 33.6797 32.7922 99.9496
166.5 33.53 33.7246 32.8563 100.111
167.0 33.6162 33.8128 32.9645 100.394
167.5 33.776 33.8924 33.0213 100.69
168.0 33.9181 33.9589 33.073 100.95
168.5 33.9898 34.0911 33.2305 101.311
169.0 34.1386 34.1736 33.416 101.728
169.5 34.26 34.2819 33.4474 101.989
170.0 34.3818 34.3566 33.5647 102.303
170.5 34.4927 34.4224 33.693 102.608
171.0 34.6087 34.4263 33.7193 102.754
171.5 34.7093 34.5667 33.7466 103.022
172.0 34.7664 34.6872 33.8716 103.325
172.5 34.7394 34.7247 33.9581 103.422
173.0 34.8088 34.7878 34.0687 103.665
173.5 34.8658 34.8778 34.2021 103.946
174.0 34.9364 34.9787 34.4384 104.354
174.5 35.013 35.027 34.5107 104.551
175.0 35.0358 35.1418 34.5795 104.757
175.5 35.1057 35.2775 34.6301 105.013
176.0 35.1848 35.3425 34.6872 105.214
176.5 35.211 35.4006 34.8223 105.434
177.0 35.4269 35.4443 34.9047 105.776
177.5 35.5235 35.4681 34.9661 105.958
178.0 35.579 35.6015 35.1278 106.308
178.5 35.6803 35.7556 35.2272 106.663
179.0 35.765 35.9042 35.3785 107.048
179.5 35.8104 35.959 35.4459 107.215
180.0 35.8605 36.0425 35.5511 107.454
180.5 35.9507 36.1793 35.6249 107.755
181.0 35.9772 36.3216 35.7089 108.008
181.5 35.9852 36.4029 35.8096 108.198
182.0 36.0965 36.5596 35.8696 108.526
182.5 36.2542 36.6171 36.0793 108.951
183.0 36.2876 36.6495 36.2453 109.182
183.5 36.3313 36.6248 36.3414 109.297
184.0 36.3381 36.7303 36.4115 109.48
184.5 36.4473 36.8525 36.5776 109.877
185.0 36.5349 36.957 36.6534 110.145
185.5 36.6479 37.0201 36.7829 110.451
186.0 36.8482 37.1694 36.8897 110.907
186.5 37.0006 37.163 36.9865 111.15
187.0 37.1092 37.3364 37.0223 111.468
187.5 37.1232 37.4673 37.1652 111.756
188.0 37.3267 37.4637 37.1736 111.964
188.5 37.5005 37.5677 37.2342 112.302
189.0 37.6146 37.6425 37.4217 112.679
189.5 37.7444 37.7179 37.6395 113.102
190.0 37.8455 37.7872 37.7387 113.371
190.5 37.9144 37.9072 37.8746 113.696
191.0 38.0195 38.1027 37.9825 114.105
191.5 38.0971 38.1686 38.1351 114.401
192.0 38.2196 38.3374 38.2401 114.797
192.5 38.2213 38.3781 38.2624 114.862
193.0 38.2726 38.4936 38.3751 115.141
193.5 38.3061 38.6139 38.5625 115.482
194.0 38.4071 38.8095 38.6532 115.87
194.5 38.5803 38.9556 38.8038 116.34
195.0 38.6774 39.0142 38.9039 116.595
195.5 38.8164 39.0933 38.9792 116.889
196.0 38.9349 39.1866 39.0514 117.173
196.5 39.0073 39.226 39.2017 117.435
197.0 39.0946 39.2268 39.3192 117.641
197.5 39.2694 39.3863 39.3454 118.001
198.0 39.3827 39.5616 39.4496 118.394
198.5 39.5908 39.7324 39.6129 118.936
199.0 39.8105 39.8321 39.685 119.328
199.5 39.8229 39.9169 39.7067 119.446
200.0 39.9356 39.9444 39.8007 119.681
