0.0 0.0 0.0 0.0 0.0
0.5 0.153958 0.157709 0.157728 0.469395
1.0 0.43257 0.429874 0.435252 1.2977
1.5 0.71585 0.731949 0.72482 2.17262
2.0 1.00597 1.05127 1.02062 3.07787
2.5 1.29638 1.34532 1.3386 3.98029
3.0 1.61271 1.62134 1.66685 4.90089
3.5 1.93339 1.91576 1.98248 5.83163
4.0 2.21495 2.21 2.25429 6.67924
4.5 2.49571 2.49498 2.51475 7.50544
5.0 2.81196 2.7906 2.8052 8.40776
5.5 3.10183 3.09012 3.11338 9.30533
6.0 3.40371 3.40838 3.44134 10.2534
6.5 3.70216 3.70346 3.78524 11.1909
7.0 4.01186 4.01738 4.10859 12.1378
7.5 4.31179 4.36158 4.41675 13.0901
8.0 4.58906 4.66631 4.67791 13.9333
8.5 4.85361 4.95885 4.93864 14.7511
9.0 5.13625 5.30463 5.18195 15.6228
9.5 5.37434 5.63596 5.44505 16.4553
10.0 5.66497 5.91437 5.73825 17.3176
10.5 5.95944 6.2353 6.05325 18.248
11.0 6.28366 6.52344 6.37279 19.1799
11.5 6.60215 6.75817 6.70982 20.0701
12.0 6.93854 7.0327 7.02313 20.9944
12.5 7.293 7.26102 7.3133 21.8673
13.0 7.60674 7.4871 7.60843 22.7023
13.5 7.83974 7.76188 7.8452 23.4468
14.0 8.12844 8.06806 8.105 24.3015
14.5 8.40181 8.42289 8.36146 25.1862
15.0 8.67949 8.8059 8.66654 26.1519
15.5 8.94425 9.13596 8.96103 27.0412
16.0 9.27029 9.45144 9.25195 27.9737
16.5 9.55849 9.77542 9.52816 28.8621
17.0 9.86161 10.0738 9.83979 29.7752
17.5 10.1844 10.4025 10.1904 30.7773
18.0 10.5219 10.7039 10.5107 31.7366
18.5 10.8416 11.0293 10.8246 32.6956
19.0 11.1593 11.3185 11.1123 33.5901
19.5 11.5168 11.6428 11.3927 34.5522
20.0 11.8016 11.9444 11.6576 35.4037
20.5 12.1795 12.1239 11.9219 36.2253
21.0 12.5112 12.324 12.2699 37.1051
21.5 12.7619 12.5936 12.5741 37.9296
22.0 13.0045 12.9081 12.8413 38.7539
22.5 13.3199 13.1988 13.079 39.5977
23.0 13.7013 13.4961 13.3313 40.5287
23.5 14.0045 13.7792 13.6051 41.3888
24.0 14.3077 14.0177 13.8719 42.1973
24.5 14.621 14.3293 14.1051 43.0554
25.0 14.9152 14.6732 14.3833 43.9717
25.5 15.1901 15.0012 14.6561 44.8474
26.0 15.4769 15.3396 14.93 45.7465
26.5 15.809 15.6287 15.1964 46.6341
27.0 16.0754 15.8885 15.4946 47.4584
27.5 16.3758 16.1611 15.8467 48.3836
28.0 16.6148 16.4245 16.1758 49.2151
28.5 16.8597 16.7003 16.4793 50.0393
29.0 17.1642 16.9373 16.8033 50.9048
29.5 17.4841 17.2207 17.1125 51.8173
30.0 17.7985 17.5497 17.4105 52.7587
30.5 18.0575 17.8609 17.6499 53.5683
31.0 18.3102 18.1824 17.9107 54.4033
31.5 18.6379 18.5073 18.1142 55.2595
32.0 19.0242 18.7975 18.371 56.1928
32.5 19.4274 19.1212 18.6846 57.2332
33.0 19.796 19.4234 19.0129 58.2323
33.5 20.098 19.7095 19.3416 59.1491
34.0 20.3706 19.9319 19.6126 59.9151
34.5 20.6177 20.2508 19.9124 60.7809
35.0 20.8541 20.5335 20.18 61.5676
35.5 21.0791 20.7602 20.5126 62.3519
36.0 21.3756 21.0241 20.875 63.2747
36.5 21.6725 21.3436 21.2467 64.2629
37.0 21.9276 21.5899 21.6033 65.1208
37.5 22.2012 21.7628 21.8422 65.8062
38.0 22.517 21.9988 22.1078 66.6235
38.5 22.8665 22.2691 22.4997 67.6353
39.0 23.109 22.5023 22.8165 68.4278
39.5 23.4111 22.7548 23.0337 69.1996
40.0 23.8352 22.9973 23.3487 70.1812
40.5 24.1577 23.3273 23.6112 71.0962
41.0 24.4867 23.6557 23.8186 71.961
41.5 24.8103 23.9822 24.13 72.9225
42.0 25.223 24.285 24.3941 73.9021
42.5 25.5641 24.5974 24.7306 74.8921
43.0 25.8809 24.906 25.0483 75.8351
43.5 26.1905 25.1694 25.3823 76.7423
44.0 26.5734 25.4077 25.7989 77.78
44.5 26.9142 25.6472 26.1187 78.6802
45.0 27.2781 25.9689 26.4713 79.7182
45.5 27.6551 26.2578 26.7095 80.6224
46.0 27.9946 26.543 27.0607 81.5983
46.5 28.2527 26.8789 27.5106 82.6423
47.0 28.4585 27.154 27.8386 83.4511
47.5 28.6953 27.5674 28.1204 84.3831
48.0 28.9774 27.9105 28.481 85.3689
48.5 29.2124 28.2062 28.8127 86.2313
49.0 29.5912 28.46 29.2107 87.2619
49.5 29.93 28.7782 29.5256 88.2338
50.0 30.1875 29.0696 29.8361 89.0932
50.5 30.4852 29.3597 30.145 89.9899
51.0 30.7127 29.6211 30.4626 90.7964
51.5 30.9872 29.9043 30.7426 91.634
52.0 31.3548 30.2089 31.0819 92.6455
52.5 31.696 30.5649 31.3629 93.6238
53.0 32.0758 30.7937 31.6819 94.5514
53.5 32.3575 31.0883 31.9964 95.4423
54.0 32.6461 31.4074 32.3807 96.4342
54.5 32.9822 31.7304 32.7365 97.4491
55.0 33.2703 32.0862 33.0029 98.3594
55.5 33.4788 32.2946 33.3058 99.0792
56.0 33.7621 32.5914 33.6776 100.031
56.5 33.9783 32.8892 34.0573 100.925
57.0 34.2103 33.2262 34.4105 101.847
57.5 34.5672 33.4951 34.7261 102.788
58.0 34.8603 33.7745 35.0062 103.641
58.5 35.1177 34.0318 35.3833 104.533
59.0 35.4572 34.2487 35.7575 105.463
59.5 35.6921 34.5148 36.0624 106.269
60.0 35.9613 34.8605 36.3416 107.163
60.5 36.1517 35.3141 36.6167 108.082
61.0 36.332 35.7389 36.866 108.937
61.5 36.6219 36.0862 37.1122 109.82
62.0 36.8909 36.4481 37.4436 110.783
62.5 37.2356 36.7281 37.802 111.766
63.0 37.5502 36.9635 38.1003 112.614
63.5 37.798 37.1668 38.4195 113.384
64.0 38.1171 37.3832 38.6717 114.172
64.5 38.4213 37.6628 38.9157 115.0
65.0 38.7285 37.9444 39.2293 115.902
65.5 39.0746 38.1524 39.5584 116.785
66.0 39.5 38.398 39.9154 117.813
66.5 39.7477 38.7 40.1518 118.6
67.0 40.059 39.0445 40.2682 119.372
67.5 40.3906 39.3873 40.4502 120.228
68.0 40.7471 39.6976 40.7217 121.166
68.5 41.0398 39.9105 40.9893 121.94
69.0 41.2717 40.1677 41.1679 122.607
69.5 41.6421 40.3725 41.4505 123.465
70.0 42.1001 40.6797 41.7644 124.544
70.5 42.3294 41.0036 41.9948 125.328
71.0 42.5297 41.2862 42.2215 126.037
71.5 42.8935 41.4546 42.4769 126.825
72.0 43.2047 41.7045 42.8197 127.729
72.5 43.5653 41.993 43.1196 128.678
73.0 43.9042 42.3177 43.5117 129.734
73.5 44.1359 42.6622 43.8805 130.679
74.0 44.498 42.9947 44.1804 131.673
74.5 44.7696 43.3086 44.3414 132.42
75.0 45.0873 43.5784 44.6565 133.322
75.5 45.41 43.9172 45.0131 134.34
76.0 45.726 44.3052 45.3989 135.43
76.5 46.1327 44.7842 45.6907 136.608
77.0 46.5774 45.1606 45.9989 137.737
77.5 46.8773 45.517 46.2725 138.667
78.0 47.129 45.7623 46.6363 139.528
78.5 47.3213 45.9557 47.079 140.356
79.0 47.642 46.3153 47.4222 141.38
79.5 47.9147 46.6752 47.6648 142.255
80.0 48.2101 47.0263 47.8736 143.11
80.5 48.5062 47.4889 48.1381 144.133
81.0 48.6595 47.9151 48.304 144.879
81.5 48.8716 48.3531 48.4666 145.691
82.0 49.0836 48.7937 48.7178 146.595
82.5 49.3825 49.0803 48.9574 147.42
83.0 49.7054 49.5711 49.1032 148.38
83.5 50.026 49.9705 49.2646 149.261
84.0 50.4222 50.2654 49.5257 150.213
84.5 50.6954 50.6129 49.7586 151.067
85.0 50.9724 50.8576 50.0816 151.911
85.5 51.4086 51.2552 50.3348 152.999
86.0 51.6756 51.6259 50.5722 153.874
86.5 52.0877 52.0243 50.8761 154.988
87.0 52.483 52.3287 51.1444 155.956
87.5 52.7089 52.516 51.4373 156.662
88.0 53.0837 52.7622 51.7773 157.623
88.5 53.4465 53.0266 52.0768 158.55
89.0 53.6501 53.4092 52.4351 159.494
89.5 53.9217 53.7149 52.693 160.33
90.0 54.1771 54.0144 52.9538 161.145
90.5 54.4896 54.3269 53.1942 162.011
91.0 54.8381 54.5686 53.5278 162.935
91.5 55.1992 54.8588 53.9615 164.02
92.0 55.565 55.1981 54.1721 164.935
92.5 55.969 55.619 54.4894 166.077
93.0 56.3672 55.9191 54.7841 167.07
93.5 56.6716 56.2054 54.9361 167.813
94.0 56.9117 56.4144 55.1727 168.499
94.5 57.1315 56.667 55.5176 169.316
95.0 57.4432 56.9354 55.9292 170.308
95.5 57.7778 57.209 56.2882 171.275
96.0 58.0535 57.5262 56.5136 172.093
96.5 58.2754 57.9653 56.7407 172.981
97.0 58.5255 58.3231 57.0408 173.889
97.5 58.8687 58.6668 57.3642 174.9
98.0 59.3603 58.9587 57.826 176.145
98.5 59.744 59.177 58.2151 177.136
99.0 60.1851 59.4938 58.5766 178.256
99.5 60.6928 59.7031 58.957 179.353
100.0 61.1601 60.0829 59.2858 180.529
100.5 61.4178 60.4453 59.6093 181.472
101.0 61.7122 60.7762 59.9838 182.472
101.5 62.0749 61.173 60.3633 183.611
102.0 62.4457 61.368 60.7228 184.536
102.5 62.6232 61.7179 61.0803 185.421
103.0 63.0574 61.9126 61.3876 186.358
103.5 63.4478 62.1526 61.7646 187.365
104.0 63.8442 62.3136 62.166 188.324
104.5 64.0716 62.5481 62.5942 189.214
105.0 64.3587 62.8081 63.0008 190.168
105.5 64.6083 62.9526 63.3982 190.959
106.0 64.9007 63.3234 63.6865 191.911
106.5 65.1773 63.6703 64.0172 192.865
107.0 65.4073 63.9123 64.4251 193.745
107.5 65.6292 64.2177 64.7232 194.57
108.0 65.9715 64.5455 64.9571 195.474
108.5 66.2733 64.813 65.2498 196.336
109.0 66.5418 65.0978 65.4619 197.101
109.5 66.7538 65.3422 65.6911 197.787
110.0 67.0097 65.6201 66.0264 198.656
110.5 67.3982 65.9627 66.3302 199.691
111.0 67.6914 66.2998 66.574 200.565
111.5 67.9219 66.4801 66.7669 201.169
112.0 68.3004 66.8095 67.1058 202.216
112.5 68.5597 67.2076 67.3575 203.125
113.0 68.9039 67.4823 67.5846 203.971
113.5 69.2676 67.6253 67.7225 204.615
114.0 69.6415 67.9146 67.8871 205.443
114.5 69.7273 68.2802 68.0996 206.107
115.0 70.0055 68.6591 68.432 207.097
115.5 70.3539 69.0566 68.7438 208.154
116.0 70.588 69.35 68.93 208.868
116.5 70.8707 69.7649 69.1183 209.754
117.0 71.2197 70.1326 69.5572 210.91
117.5 71.5228 70.3735 69.8121 211.708
118.0 71.7655 70.5812 70.0111 212.358
118.5 72.0244 70.9016 70.1999 213.126
119.0 72.2652 71.1724 70.5407 213.978
119.5 72.4995 71.4298 70.6285 214.558
120.0 72.8831 71.719 70.7835 215.386
120.5 73.094 71.8844 71.0758 216.054
121.0 73.4156 72.1821 71.5201 217.118
121.5 73.6751 72.5255 71.8161 218.017
122.0 73.9517 72.727 72.1995 218.878
122.5 74.2069 73.0064 72.6609 219.874
123.0 74.6222 73.3741 73.0005 220.997
123.5 75.0242 73.6 73.3036 221.928
124.0 75.3455 73.8435 73.6394 222.828
124.5 75.5204 74.2205 74.0345 223.775
125.0 75.7633 74.7219 74.3725 224.858
125.5 75.9798 75.055 74.5739 225.609
126.0 76.1449 75.3639 74.8684 226.377
126.5 76.3693 75.7114 75.0838 227.164
127.0 76.4919 75.8995 75.2668 227.658
127.5 76.8555 76.1788 75.5267 228.561
128.0 77.2422 76.3124 75.7581 229.313
128.5 77.5892 76.4946 75.9214 230.005
129.0 77.7989 76.8358 76.2807 230.915
129.5 78.0279 76.9559 76.759 231.743
130.0 78.2985 77.1964 77.081 232.576
130.5 78.5428 77.6259 77.3051 233.474
131.0 78.8099 78.0925 77.6126 234.515
131.5 79.1775 78.5412 77.7682 235.487
132.0 79.7027 78.8246 78.0381 236.565
132.5 80.0684 79.1765 78.3977 237.643
133.0 80.346 79.6263 78.6317 238.604
133.5 80.6109 80.1148 78.8329 239.559
134.0 80.7344 80.5705 79.0519 240.357
134.5 80.7255 81.0866 79.2836 241.096
135.0 80.8178 81.4682 79.6307 241.917
135.5 80.9523 81.8534 79.8581 242.664
136.0 81.2186 82.1786 80.107 243.504
136.5 81.7167 82.3828 80.3347 244.434
137.0 82.2937 82.7066 80.4966 245.497
137.5 82.7441 83.0155 80.8243 246.584
138.0 82.9612 83.3766 81.1671 247.505
138.5 83.3225 83.716 81.5686 248.607
139.0 83.5044 84.1005 81.9088 249.514
139.5 83.6869 84.3369 82.1708 250.195
140.0 84.0852 84.507 82.5868 251.179
140.5 84.5261 84.6298 82.967 252.123
141.0 84.8917 84.8787 83.3695 253.14
141.5 85.0874 85.1846 83.5544 253.826
142.0 85.2615 85.5658 83.729 254.556
142.5 85.541 86.0009 84.0463 255.588
143.0 85.976 86.2749 84.1939 256.445
143.5 86.457 86.5348 84.3151 257.307
144.0 86.8728 86.6643 84.4514 257.988
144.5 87.3127 86.9299 84.6271 258.87
145.0 87.9238 87.1393 84.9649 260.028
145.5 88.4601 87.4128 85.2118 261.085
146.0 88.7561 87.7118 85.5247 261.993
146.5 89.1837 88.0373 85.8517 263.073
147.0 89.5514 88.4513 86.1246 264.127
147.5 89.6414 88.942 86.4891 265.073
148.0 89.8388 89.4052 86.9733 266.217
148.5 90.2474 89.8962 87.4022 267.546
149.0 90.5307 90.3742 87.7424 268.647
149.5 90.8224 90.7246 88.0141 269.561
150.0 91.054 90.838 88.1712 270.063
150.5 91.2291 91.0788 88.3894 270.697
151.0 91.4133 91.2646 88.6375 271.315
151.5 91.7464 91.5109 88.9058 272.163
152.0 92.1111 91.7545 89.1963 273.062
152.5 92.387 92.0373 89.5065 273.931
153.0 92.6451 92.5457 89.8775 275.068
153.5 93.1373 93.0051 90.1885 276.331
154.0 93.4639 93.3937 90.5529 277.41
154.5 93.8028 93.7548 90.8712 278.429
155.0 94.1802 94.0888 91.131 279.4
155.5 94.3917 94.3079 91.426 280.126
156.0 94.7537 94.6225 91.7681 281.144
156.5 95.1313 94.953 92.1975 282.282
157.0 95.2946 95.2694 92.5676 283.132
157.5 95.4838 95.7412 93.0202 284.245
158.0 95.8185 96.0444 93.4683 285.331
158.5 96.236 96.2447 93.7028 286.184
159.0 96.5241 96.3391 93.7462 286.609
159.5 96.6645 96.4348 94.1644 287.264
160.0 96.9976 96.6673 94.5704 288.235
160.5 97.2453 97.032 94.9227 289.2
161.0 97.4607 97.3891 95.0715 289.921
161.5 97.6335 97.7024 95.4559 290.792
162.0 97.8732 98.0239 95.7589 291.656
162.5 98.1204 98.3717 96.1093 292.601
163.0 98.2139 98.7771 96.5272 293.518
163.5 98.4579 99.1337 96.9307 294.522
164.0 98.7658 99.6022 97.3454 295.713
164.5 99.0808 99.8685 97.7678 296.717
165.0 99.4489 100.175 97.9581 297.582
165.5 99.8335 100.472 98.2594 298.565
166.0 100.267 100.91 98.3927 299.569
166.5 100.488 101.087 98.5372 300.112
167.0 100.713 101.342 98.8222 300.877
167.5 101.119 101.588 99.0335 301.741
168.0 101.582 101.805 99.1704 302.557
168.5 101.838 102.142 99.5476 303.528
169.0 102.235 102.428 100.079 304.742
169.5 102.594 102.724 100.299 305.616
170.0 102.978 102.98 100.573 306.531
170.5 103.319 103.195 100.976 307.49
171.0 103.676 103.241 101.136 308.053
171.5 104.011 103.555 101.239 308.805
172.0 104.223 103.912 101.563 309.698
172.5 104.254 104.132 101.805 310.19
173.0 104.347 104.276 102.122 310.744
173.5 104.513 104.562 102.509 311.585
174.0 104.709 104.814 103.107 312.631
174.5 104.945 105.01 103.487 313.442
175.0 105.045 105.328 103.711 314.083
175.5 105.209 105.662 103.878 314.749
176.0 105.486 105.961 104.051 315.497
176.5 105.614 106.147 104.336 316.097
177.0 106.064 106.293 104.659 317.017
177.5 106.453 106.405 104.873 317.731
178.0 106.645 106.67 105.244 318.559
178.5 106.962 107.108 105.624 319.694
179.0 107.172 107.558 106.038 320.768
179.5 107.371 107.775 106.277 321.424
180.0 107.502 108.024 106.616 322.142
180.5 107.749 108.363 106.804 322.916
181.0 107.9 108.811 107.092 323.803
181.5 107.918 109.098 107.377 324.393
182.0 108.197 109.511 107.54 325.248
182.5 108.572 109.782 108.043 326.397
183.0 108.81 109.916 108.605 327.332
183.5 108.93 109.859 108.952 327.742
184.0 109.011 110.099 109.191 328.301
184.5 109.214 110.418 109.618 329.25
185.0 109.46 110.733 109.888 330.082
185.5 109.813 110.925 110.26 330.998
186.0 110.311 111.347 110.625 332.283
186.5 110.795 111.432 110.873 333.1
187.0 111.208 111.808 111.049 334.065
187.5 111.312 112.23 111.44 334.983
188.0 111.772 112.359 111.558 335.689
188.5 112.331 112.566 111.671 336.568
189.0 112.709 112.835 112.103 337.647
189.5 113.057 113.042 112.717 338.816
190.0 113.435 113.253 113.125 339.813
190.5 113.631 113.576 113.528 340.735
191.0 113.953 114.111 113.9 341.964
191.5 114.212 114.381 114.301 342.894
192.0 114.503 114.819 114.68 344.002
192.5 114.64 115.042 114.797 344.478
193.0 114.726 115.337 115.056 345.119
193.5 114.842 115.702 115.566 346.11
194.0 115.093 116.177 115.845 347.115
194.5 115.558 116.665 116.336 348.559
195.0 115.932 116.937 116.661 349.53
195.5 116.275 117.166 116.903 350.344
196.0 116.668 117.43 117.112 351.211
196.5 116.916 117.593 117.476 351.985
197.0 117.193 117.642 117.89 352.725
197.5 117.639 117.968 118.04 353.647
198.0 117.991 118.475 118.268 354.735
198.5 118.51 118.946 118.707 356.162
199.0 119.15 119.333 119.014 357.498
199.5 119.402 119.658 119.112 358.172
200.0 119.67 119.771 119.344 358.785
