0.0 0.0 0.0 0.0 0.0
0.5 0.160572 0.163162 0.162848 0.486581
1.0 0.363541 0.35909 0.362527 1.08516
1.5 0.549742 0.566867 0.558471 1.67508
2.0 0.745315 0.77645 0.751396 2.27316
2.5 0.940737 0.966265 0.975077 2.88208
3.0 1.15854 1.14776 1.18929 3.49559
3.5 1.37098 1.35265 1.39426 4.11789
4.0 1.54958 1.54636 1.56605 4.662
4.5 1.74257 1.72999 1.7419 5.21447
5.0 1.9642 1.93483 1.94581 5.84484
5.5 2.14274 2.13792 2.15134 6.43199
6.0 2.35321 2.35047 2.38003 7.08371
6.5 2.54392 2.54207 2.61123 7.69722
7.0 2.76285 2.76016 2.81917 8.34217
7.5 2.94898 2.98733 3.01576 8.95207
8.0 3.13096 3.1799 3.18576 9.49663
8.5 3.30831 3.38296 3.3481 10.0394
9.0 3.49693 3.62776 3.51762 10.6423
9.5 3.65296 3.83866 3.69112 11.1827
10.0 3.855 4.00562 3.91022 11.7708
10.5 4.05603 4.23211 4.11552 12.4037
11.0 4.27713 4.41753 4.3361 13.0308
11.5 4.48589 4.55663 4.56693 13.6094
12.0 4.71591 4.74597 4.76279 14.2247
12.5 4.96142 4.89413 4.94761 14.8032
13.0 5.14371 5.04492 5.14667 15.3353
13.5 5.2932 5.24313 5.2888 15.8251
14.0 5.49514 5.45297 5.47092 16.419
14.5 5.67139 5.70301 5.64857 17.023
15.0 5.86139 5.96551 5.85926 17.6862
15.5 6.03728 6.17013 6.04394 18.2513
16.0 6.26857 6.3864 6.24934 18.9043
16.5 6.43154 6.60441 6.42338 19.4593
17.0 6.65377 6.79177 6.64413 20.0897
17.5 6.87937 7.01326 6.88855 20.7812
18.0 7.10649 7.21341 7.09545 21.4153
18.5 7.30864 7.42937 7.29315 22.0312
19.0 7.533 7.60825 7.48439 22.6256
19.5 7.75671 7.84018 7.67007 23.267
20.0 7.94927 8.01956 7.84608 23.8149
20.5 8.22101 8.11461 8.02062 24.3562
21.0 8.4165 8.27271 8.27601 24.9652
21.5 8.56654 8.45364 8.4563 25.4765
22.0 8.73024 8.67205 8.63198 26.0343
22.5 8.95673 8.86675 8.76852 26.592
23.0 9.24112 9.06228 8.95402 27.2574
23.5 9.41621 9.25371 9.1413 27.8112
24.0 9.61574 9.39726 9.30773 28.3207
24.5 9.84405 9.62415 9.46554 28.9337
25.0 10.0194 9.87113 9.65758 29.5481
25.5 10.2017 10.0712 9.83019 30.1032
26.0 10.4013 10.3069 10.0192 30.7273
26.5 10.6287 10.4709 10.1947 31.2943
27.0 10.7905 10.6423 10.401 31.8338
27.5 10.994 10.8343 10.6494 32.4776
28.0 11.1466 11.0029 10.8623 33.0119
28.5 11.3152 11.192 11.0603 33.5676
29.0 11.5352 11.3444 11.2782 34.1578
29.5 11.7401 11.5493 11.4767 34.766
30.0 11.9552 11.7847 11.6673 35.4072
30.5 12.109 11.9882 11.829 35.9262
31.0 12.2927 12.1985 11.9886 36.4798
31.5 12.5294 12.427 12.124 37.0804
32.0 12.7963 12.593 12.3086 37.6979
32.5 13.0577 12.8273 12.5263 38.4114
33.0 13.3028 13.0344 12.7444 39.0815
33.5 13.4724 13.1998 12.9648 39.6369
34.0 13.6518 13.347 13.1415 40.1403
34.5 13.8249 13.5735 13.3436 40.7421
35.0 13.9705 13.7627 13.5293 41.2625
35.5 14.1272 13.8913 13.7475 41.7659
36.0 14.3342 14.0879 14.0123 42.4344
36.5 14.5157 14.3225 14.2472 43.0854
37.0 14.6927 14.4421 14.4839 43.6187
37.5 14.867 14.5543 14.6117 44.0331
38.0 15.1067 14.7322 14.8134 44.6523
38.5 15.3364 14.9254 15.0859 45.3477
39.0 15.4667 15.0674 15.2649 45.7989
39.5 15.6924 15.2292 15.4189 46.3404
40.0 16.0076 15.3991 15.6407 47.0474
40.5 16.1707 15.6555 15.7809 47.607
41.0 16.4117 15.8588 15.921 48.1914
41.5 16.6363 16.0695 16.1502 48.856
42.0 16.9248 16.2772 16.3103 49.5123
42.5 17.1223 16.4867 16.5639 50.1728
43.0 17.34 16.681 16.7591 50.78
43.5 17.5468 16.8524 17.0041 51.4033
44.0 17.8004 17.0079 17.2841 52.0924
44.5 18.0128 17.1801 17.4838 52.6767
45.0 18.2919 17.3983 17.7163 53.4066
45.5 18.5356 17.5686 17.8532 53.9574
46.0 18.7371 17.7926 18.1189 54.6486
46.5 18.8939 18.0107 18.4368 55.3414
47.0 19.0343 18.1812 18.615 55.8305
47.5 19.1964 18.5 18.8118 56.5082
48.0 19.3796 18.6839 19.0478 57.1114
48.5 19.5374 18.884 19.2848 57.7062
49.0 19.841 19.0323 19.5573 58.4306
49.5 20.0318 19.281 19.7357 59.0486
50.0 20.2026 19.445 19.9498 59.5973
50.5 20.392 19.6447 20.1544 60.1911
51.0 20.5319 19.8128 20.3577 60.7024
51.5 20.7363 20.0257 20.5486 61.3107
52.0 21.0001 20.2268 20.7847 62.0116
52.5 21.225 20.4548 20.9616 62.6413
53.0 21.4727 20.6022 21.18 63.255
53.5 21.6496 20.8139 21.4087 63.8722
54.0 21.8486 21.0304 21.6809 64.5599
54.5 22.0791 21.2422 21.8774 65.1987
55.0 22.2593 21.4787 22.0726 65.8105
55.5 22.3794 21.5716 22.2658 66.2169
56.0 22.5875 21.8157 22.5378 66.9409
56.5 22.7185 21.9958 22.7854 67.4997
57.0 22.871 22.2439 22.9912 68.1061
57.5 23.1399 22.4012 23.2225 68.7636
58.0 23.3193 22.5832 23.392 69.2945
58.5 23.4804 22.7682 23.6679 69.9165
59.0 23.7397 22.8857 23.9009 70.5264
59.5 23.8566 23.0879 24.1008 71.0452
60.0 24.0444 23.3354 24.2715 71.6513
60.5 24.1512 23.6551 24.4701 72.2764
61.0 24.2809 23.9392 24.6013 72.8214
61.5 24.4876 24.147 24.7986 73.4333
62.0 24.655 24.381 25.0293 74.0652
62.5 24.9254 24.5564 25.2792 74.761
63.0 25.1231 24.6988 25.4436 75.2656
63.5 25.2881 24.8282 25.6754 75.7916
64.0 25.5095 24.984 25.8344 76.3279
64.5 25.6911 25.1892 25.9694 76.8496
65.0 25.9128 25.3379 26.2243 77.475
65.5 26.1547 25.4968 26.449 78.1005
66.0 26.4565 25.6589 26.6637 78.7791
66.5 26.5634 25.9013 26.8084 79.2731
67.0 26.8077 26.1209 26.8582 79.7867
67.5 27.0319 26.3631 27.0009 80.3958
68.0 27.2732 26.5178 27.1974 80.9884
68.5 27.4204 26.6738 27.3722 81.4664
69.0 27.5863 26.8454 27.4703 81.902
69.5 27.8904 26.9967 27.6915 82.5786
70.0 28.1768 27.1878 27.9222 83.2868
70.5 28.2744 27.4346 28.0271 83.736
71.0 28.4416 27.5811 28.1941 84.2167
71.5 28.6937 27.681 28.3792 84.7539
72.0 28.9081 27.8579 28.6123 85.3784
72.5 29.141 28.0742 28.8121 86.0273
73.0 29.3631 28.2991 29.0899 86.7522
73.5 29.4862 28.5149 29.3418 87.3429
74.0 29.7769 28.7622 29.5033 88.0423
74.5 29.9178 28.944 29.6075 88.4693
75.0 30.1542 29.1384 29.8558 89.1485
75.5 30.3571 29.3682 30.0894 89.8147
76.0 30.5768 29.6496 30.3373 90.5637
76.5 30.868 29.9937 30.5351 91.3968
77.0 31.1596 30.2069 30.7437 92.1103
77.5 31.3271 30.4308 30.9218 92.6798
78.0 31.4738 30.5607 31.1917 93.2262
78.5 31.6136 30.7006 31.4903 93.8044
79.0 31.8453 30.9685 31.7036 94.5174
79.5 32.0076 31.205 31.8299 95.0425
80.0 32.226 31.4616 31.9571 95.6447
80.5 32.4226 31.7915 32.1505 96.3646
81.0 32.4934 32.0431 32.2356 96.7721
81.5 32.6395 32.3805 32.3402 97.3602
82.0 32.7787 32.6109 32.5522 97.9418
82.5 33.0084 32.8244 32.6891 98.5219
83.0 33.2312 33.1887 32.7491 99.1691
83.5 33.434 33.4062 32.8767 99.717
84.0 33.72 33.5927 33.0786 100.391
84.5 33.8524 33.84 33.2198 100.912
85.0 34.0592 33.9825 33.4599 101.502
85.5 34.3748 34.2916 33.6335 102.3
86.0 34.5211 34.5239 33.7581 102.803
86.5 34.8515 34.7999 34.0031 103.655
87.0 35.0862 34.9657 34.1408 104.193
87.5 35.1987 35.0624 34.3754 104.636
88.0 35.4905 35.2741 34.5878 105.352
88.5 35.7213 35.4096 34.7951 105.926
89.0 35.8046 35.7172 35.0388 106.561
89.5 36.0106 35.897 35.1905 107.098
90.0 36.1756 36.0956 35.3616 107.633
90.5 36.4062 36.3145 35.5014 108.222
91.0 36.6354 36.4656 35.7999 108.901
91.5 36.9115 36.667 36.0304 109.609
92.0 37.1137 36.9142 36.1757 110.204
92.5 37.4139 37.1839 36.392 110.99
93.0 37.6753 37.3485 36.587 111.611
93.5 37.8529 37.558 36.6448 112.056
94.0 38.0003 37.677 36.8603 112.538
94.5 38.1391 37.8683 37.0964 113.104
95.0 38.3844 38.0363 37.3838 113.805
95.5 38.5816 38.2158 37.5899 114.387
96.0 38.7907 38.4367 37.7128 114.94
96.5 38.9152 38.7655 37.9001 115.581
97.0 39.0994 38.9896 38.0777 116.167
97.5 39.3397 39.2134 38.3421 116.895
98.0 39.709 39.3731 38.6687 117.751
98.5 39.9067 39.5377 38.9151 118.36
99.0 40.2616 39.7435 39.1345 119.14
99.5 40.5853 39.884 39.3907 119.86
100.0 40.8635 40.1681 39.5763 120.608
100.5 40.9995 40.3904 39.823 121.213
101.0 41.2369 40.644 40.0795 121.96
101.5 41.4753 40.8748 40.3066 122.657
102.0 41.7184 40.983 40.5759 123.277
102.5 41.7983 41.2314 40.784 123.814
103.0 42.1689 41.3131 40.9933 124.475
103.5 42.3871 41.5048 41.2542 125.146
104.0 42.6709 41.596 41.5308 125.798
104.5 42.7858 41.76 41.8372 126.383
105.0 42.9692 41.9278 42.0939 126.991
105.5 43.1495 42.0153 42.3593 127.524
106.0 43.3244 42.3429 42.5205 128.188
106.5 43.5294 42.5055 42.7676 128.803
107.0 43.6595 42.6937 43.0514 129.405
107.5 43.8264 42.8774 43.1852 129.889
108.0 44.0749 43.1423 43.366 130.583
108.5 44.2553 43.2776 43.5504 131.083
109.0 44.4312 43.4674 43.6925 131.591
109.5 44.5769 43.6563 43.8317 132.065
110.0 44.7725 43.8116 44.0999 132.684
110.5 45.0395 44.097 44.2872 133.424
111.0 45.2062 44.2664 44.4157 133.888
111.5 45.3442 44.3835 44.5563 134.284
112.0 45.6353 44.664 44.8194 135.119
112.5 45.7775 44.8958 44.9333 135.607
113.0 46.0432 45.0505 45.1102 136.204
113.5 46.2971 45.1302 45.1538 136.581
114.0 46.5039 45.3756 45.2957 137.175
114.5 46.5075 45.62 45.4484 137.576
115.0 46.7579 45.8835 45.7023 138.344
115.5 47.0195 46.1223 45.9018 139.044
116.0 47.1069 46.3338 45.9902 139.431
116.5 47.3469 46.6212 46.1359 140.104
117.0 47.5533 46.8527 46.4718 140.878
117.5 47.758 46.9716 46.5835 141.313
118.0 47.9119 47.1146 46.7123 141.739
118.5 48.1105 47.3477 46.8688 142.327
119.0 48.2245 47.5208 47.1057 142.851
119.5 48.3955 47.7045 47.0959 143.196
120.0 48.7089 47.8751 47.2391 143.823
120.5 48.7997 47.9781 47.4864 144.264
121.0 49.0156 48.2041 47.7839 145.004
121.5 49.2046 48.4328 47.9569 145.594
122.0 49.3744 48.5174 48.2359 146.128
122.5 49.537 48.7518 48.543 146.832
123.0 49.8739 49.0061 48.7479 147.628
123.5 50.1132 49.1225 48.9633 148.199
124.0 50.3055 49.3159 49.1787 148.8
124.5 50.3954 49.5887 49.4508 149.435
125.0 50.5711 49.961 49.6469 150.179
125.5 50.7228 50.1031 49.7561 150.582
126.0 50.8201 50.3425 49.9695 151.132
126.5 50.9875 50.5606 50.0995 151.648
127.0 51.052 50.6581 50.1819 151.892
127.5 51.3659 50.8697 50.4012 152.637
128.0 51.6077 50.8948 50.5255 153.028
128.5 51.8293 51.079 50.6615 153.57
129.0 51.9111 51.3089 50.9332 154.153
129.5 52.0979 51.3368 51.2703 154.705
130.0 52.3064 51.5596 51.4358 155.302
130.5 52.4233 51.8718 51.588 155.883
131.0 52.6356 52.203 51.802 156.641
131.5 52.8983 52.4759 51.8511 157.225
132.0 53.2866 52.6352 52.0687 157.991
132.5 53.4617 52.8847 52.3437 158.69
133.0 53.6635 53.2371 52.4369 159.338
133.5 53.7966 53.527 52.5788 159.902
134.0 53.8698 53.8518 52.7512 160.473
134.5 53.8171 54.193 52.9064 160.917
135.0 53.9314 54.4076 53.1399 161.479
135.5 54.0233 54.675 53.2888 161.987
136.0 54.2629 54.8695 53.4239 162.556
136.5 54.6252 55.0156 53.6034 163.244
137.0 55.0332 55.2205 53.6778 163.931
137.5 55.2776 55.3791 53.9616 164.618
138.0 55.3857 55.6875 54.2008 165.274
138.5 55.652 55.932 54.4652 166.049
139.0 55.7262 56.1582 54.6748 166.559
139.5 55.8867 56.2845 54.8425 167.014
140.0 56.1554 56.3893 55.1613 167.706
140.5 56.4836 56.4691 55.3893 168.342
141.0 56.7077 56.6841 55.6446 169.036
141.5 56.7669 56.864 55.7282 169.359
142.0 56.9145 57.1333 55.8467 169.894
142.5 57.1363 57.4187 56.0603 170.615
143.0 57.4446 57.5816 56.1536 171.18
143.5 57.7903 57.7451 56.1934 171.729
144.0 58.0273 57.81 56.2941 172.131
144.5 58.3569 58.0294 56.4588 172.845
145.0 58.8005 58.1424 56.7428 173.686
145.5 59.0992 58.3795 56.8157 174.294
146.0 59.261 58.551 57.0675 174.88
146.5 59.5759 58.7854 57.2959 175.657
147.0 59.8156 59.0578 57.4656 176.339
147.5 59.78 59.4358 57.7466 176.962
148.0 59.9616 59.6969 58.0943 177.753
148.5 60.3088 60.074 58.3349 178.718
149.0 60.4219 60.3818 58.5511 179.355
149.5 60.6733 60.5276 58.6917 179.893
150.0 60.7655 60.6112 58.7947 180.171
150.5 60.858 60.7744 58.9549 180.587
151.0 60.995 60.906 59.1191 181.02
151.5 61.2662 61.0417 59.3239 181.632
152.0 61.5044 61.2257 59.5319 182.262
152.5 61.6638 61.427 59.6951 182.786
153.0 61.8743 61.8415 59.9943 183.71
153.5 62.2313 62.137 60.149 184.517
154.0 62.4077 62.3797 60.4434 185.231
154.5 62.6418 62.5811 60.6272 185.85
155.0 62.9015 62.8342 60.781 186.517
155.5 62.9747 62.9365 60.9814 186.893
156.0 63.2917 63.167 61.2438 187.703
156.5 63.5296 63.3806 61.5238 188.434
157.0 63.5636 63.6354 61.7919 188.991
157.5 63.7226 63.9417 62.1012 189.765
158.0 63.9966 64.068 62.3827 190.447
158.5 64.2709 64.2161 62.4586 190.946
159.0 64.401 64.2223 62.5041 191.127
159.5 64.4968 64.3153 62.8682 191.68
160.0 64.7796 64.5162 63.1289 192.425
160.5 64.9051 64.7834 63.334 193.022
161.0 65.0333 65.0141 63.4036 193.451
161.5 65.1493 65.2066 63.6934 194.049
162.0 65.3294 65.4406 63.8651 194.635
162.5 65.4703 65.6461 64.1673 195.284
163.0 65.5154 65.9366 64.4127 195.865
163.5 65.7309 66.1845 64.7066 196.622
164.0 65.9379 66.5079 64.9743 197.42
164.5 66.1674 66.6513 65.2605 198.079
165.0 66.4331 66.839 65.2909 198.563
165.5 66.6834 67.0604 65.5702 199.314
166.0 66.9553 67.3595 65.5843 199.899
166.5 67.06 67.4493 65.7127 200.222
167.0 67.2325 67.6256 65.9291 200.787
167.5 67.5519 67.7847 66.0427 201.379
168.0 67.8362 67.9178 66.146 201.9
168.5 67.9796 68.1822 66.461 202.623
169.0 68.2771 68.3473 66.8319 203.456
169.5 68.52 68.5638 66.8948 203.979
170.0 68.7636 68.7132 67.1293 204.606
170.5 68.9855 68.8447 67.3861 205.216
171.0 69.2174 68.8526 67.4386 205.509
171.5 69.4185 69.1333 67.4931 206.045
172.0 69.5328 69.3744 67.7431 206.65
172.5 69.4788 69.4494 67.9162 206.844
173.0 69.6176 69.5756 68.1374 207.331
173.5 69.7316 69.7556 68.4041 207.891
174.0 69.8728 69.9574 68.8769 208.707
174.5 70.026 70.0539 69.0213 209.101
175.0 70.0715 70.2836 69.1589 209.514
175.5 70.2113 70.5549 69.2602 210.026
176.0 70.3696 70.685 69.3744 210.429
176.5 70.422 70.8012 69.6447 210.868
177.0 70.8537 70.8887 69.8094 211.552
177.5 71.047 70.9363 69.9322 211.915
178.0 71.1581 71.2029 70.2555 212.617
178.5 71.3605 71.5113 70.4543 213.326
179.0 71.5299 71.8083 70.757 214.095
179.5 71.6209 71.918 70.8917 214.431
180.0 71.7211 72.0849 71.1023 214.908
180.5 71.9014 72.3586 71.2498 215.51
181.0 71.9545 72.6432 71.4177 216.015
181.5 71.9705 72.8058 71.6192 216.396
182.0 72.1931 73.1192 71.7391 217.051
182.5 72.5083 73.2342 72.1587 217.901
183.0 72.5752 73.299 72.4906 218.365
183.5 72.6625 73.2497 72.6827 218.595
184.0 72.6762 73.4607 72.8229 218.96
184.5 72.8946 73.705 73.1552 219.755
185.0 73.0697 73.914 73.3069 220.291
185.5 73.2957 74.0401 73.5659 220.902
186.0 73.6963 74.3388 73.7795 221.815
186.5 74.0012 74.326 73.973 222.3
187.0 74.2184 74.6729 74.0446 222.936
187.5 74.2464 74.9346 74.3304 223.511
188.0 74.6535 74.9274 74.3472 223.928
188.5 75.001 75.1355 74.4685 224.605
189.0 75.2291 75.2849 74.8434 225.357
189.5 75.4888 75.4359 75.2791 226.204
190.0 75.6911 75.5743 75.4774 226.743
190.5 75.8288 75.8145 75.7492 227.393
191.0 76.0389 76.2054 75.965 228.209
191.5 76.1942 76.3373 76.2702 228.802
192.0 76.4391 76.6748 76.4803 229.594
192.5 76.4426 76.7563 76.5248 229.724
193.0 76.5451 76.9873 76.7502 230.283
193.5 76.6122 77.2278 77.125 230.965
194.0 76.8142 77.6191 77.3064 231.74
194.5 77.1607 77.9113 77.6077 232.68
195.0 77.3548 78.0283 77.8078 233.191
195.5 77.6329 78.1867 77.9585 233.778
196.0 77.8698 78.3732 78.1027 234.346
196.5 78.0145 78.4519 78.4035 234.87
197.0 78.1892 78.4537 78.6384 235.281
197.5 78.5388 78.7725 78.6908 236.002
198.0 78.7654 79.1231 78.8991 236.788
198.5 79.1815 79.4647 79.2259 237.872
199.0 79.621 79.6642 79.37 238.655
199.5 79.6457 79.8338 79.4134 238.893
200.0 79.8712 79.8888 79.6014 239.361
